6
1 4
10 120
100 1000
1 10000000000000000000000000000000000000000000000000000000000000000000000000000000000000000000000000000
1 10000000000000000000000000000000000000000000000000000000000000000000000000000000000000000000000000000
1 10000000000000000000000000000000000000000000000000000000000000000000000000000000000000000000000000000
1 10000000000000000000000000000000000000000000000000000000000000000000000000000000000000000000000000000
1 10000000000000000000000000000000000000000000000000000000000000000000000000000000000000000000000000000
1 10000000000000000000000000000000000000000000000000000000000000000000000000000000000000000000000000000
