100
554 725
4 122
65 584
8 9
1 1000
788 965
11 608
7 9
9 302
4 485
7 10
255 881
1 10
1 4
131 199
121 742
873 916
121 484
1 65
672 874
4 4
1 122
120 584
825 999
81 293
1 5
686 860
8 467
3 5
20 684
613 801
3 10
4 221
1 302
154 550
8 122
1 104
8 221
21 584
1 485
221 525
3 4
1 101
529 962
483 484
65 485
125 292
484 484
1 6
3 484
1 221
357 755
1 1
540 557
49 360
293 309
21 484
10 120
122 483
264 962
303 584
111 936
149 836
1 584
4 9
8 121
8 485
3 9
120 485
384 742
121 302
120 122
7 302
7 221
484 485
8 10
1 2
120 221
7 109
148 1000
372 389
100 1000
3 65
7 65
122 1000
375 705
375 846
21 121
555 984
1 484
7 485
1 109
465 640
1 121
3 104
504 755
9 122
21 742
77 802
684 761
