25
8 50
11 14 13 1 12 12 5 6
10 3 15 7 10
2 0
11 2 7 4
6 2 3 7
11 2 6 4
10 1 5
7 3 6 9 13
11 3 2 8 8
15 4 10 7 15 7
15 2 4 7
5 3 13 4 12
7 0
1 1 2
10 2 12 10
12 2 4 1
3 1 11
12 5 14 9 10 5 5
8 2 13 9
9 5 11 6 7 12 4
12 2 15 4
13 4 6 11 1 10
8 2 1 5
5 1 11
8 1 2
13 2 9 1
10 3 14 13 1
15 1 7
2 3 6 14 14
6 5 2 15 3 14 15
4 3 11 7 2
7 1 4
7 1 4
12 4 4 11 4 3
9 0
13 1 14
7 1 1
3 4 1 4 1 4
4 0
10 5 2 12 9 12 1
9 2 13 8
10 3 1 1 9
14 1 6
8 2 11 6
2 4 1 13 9 11
15 3 2 9 3
4 2 6 15
4 1 1
11 5 3 14 8 9 6
4 1 12
5 1 13
58 200
30 24 28 9 5 18 3 17 18 1 23 13 21 25 16 12 23 24 31 19 31 9 12 14 14 9 10 3 29 20 5 25 13 30 31 15 16 3 31 1 1 21 11 20 12 24 29 3 16 28 22 13 3 31 25 16 8 1
18 0
3 0
21 5 3 19 11 23 16
20 3 2 21 9
27 0
2 5 3 9 27 28 9
18 1 4
27 2 21 22
14 2 25 27
1 3 6 2 20
27 0
12 2 10 27
30 1 13
27 2 11 19
30 1 7
9 1 13
13 2 29 31
10 1 9
1 1 5
10 2 20 1
12 0
14 1 17
4 1 17
31 2 7 16
26 2 22 1
6 3 13 7 16
28 2 5 15
19 0
19 1 16
2 5 11 17 6 30 7
20 1 12
3 1 4
4 4 31 31 13 21
7 2 26 24
20 1 12
29 1 28
6 4 25 21 2 31
7 4 30 26 15 9
24 4 10 18 28 30
19 0
5 1 11
17 0
28 0
1 4 4 31 6 20
10 1 29
26 4 12 11 31 8
7 1 30
23 1 14
4 2 18 15
5 3 19 9 22
1 3 19 31 25
14 3 12 2 8
18 1 24
5 0
11 0
10 1 14
8 2 25 6
8 3 29 15 11
29 0
27 3 4 30 31
9 1 22
15 3 25 13 25
27 2 3 8
11 0
21 1 31
16 2 31 20
8 0
26 2 27 2
20 1 1
29 0
11 3 11 8 12
24 2 18 22
14 1 5
8 2 6 25
24 2 21 21
23 3 13 16 10
31 2 26 9
30 1 11
14 2 14 27
2 1 10
3 2 30 1
13 1 28
13 1 5
18 5 3 1 7 27 6
17 1 22
23 1 11
27 1 29
22 1 29
28 2 8 2
22 1 8
15 0
4 0
5 2 16 27
11 1 21
14 3 23 4 5
23 0
26 3 13 27 23
19 2 5 17
15 3 22 19 15
12 3 26 10 20
16 0
26 6 2 30 27 8 2 1
4 2 8 22
29 3 22 17 4
31 1 30
25 1 18
20 1 26
28 0
23 1 4
1 3 4 27 11
29 2 8 25
23 1 22
13 1 7
10 1 15
9 1 5
27 1 19
2 1 18
4 3 29 16 31
17 3 26 20 10
27 2 1 22
24 2 17 23
1 1 19
30 1 24
28 0
9 4 2 6 13 20
10 2 7 23
18 3 21 3 12
1 2 16 23
28 2 17 29
1 2 6 14
12 0
12 1 30
24 3 16 17 23
15 3 13 5 1
7 3 12 5 21
21 1 23
6 2 31 22
27 2 18 8
18 3 22 13 7
26 1 17
27 2 8 31
15 1 1
17 3 29 25 6
8 3 28 25 11
23 2 8 19
23 2 28 31
1 0
22 2 30 13
24 1 3
17 1 28
17 1 2
16 3 4 20 18
15 1 17
14 2 20 15
11 0
21 3 13 6 17
21 0
26 3 16 5 2
21 1 1
16 1 6
26 2 26 5
1 3 4 14 8
27 0
17 1 14
13 1 13
3 2 22 15
4 0
18 2 9 15
27 5 18 6 13 7 6
21 1 1
10 2 3 3
20 2 25 24
3 1 10
24 1 5
25 1 18
23 0
15 1 9
25 1 23
13 1 3
6 2 9 12
8 0
27 0
19 4 29 21 7 27
21 2 3 8
9 2 21 29
29 0
10 2 2 17
28 1 27
23 1 18
31 1 20
12 0
16 3 25 26 10
29 4 13 30 1 14
5 4 8 22 30 3
30 2 13 15
9 1 18
5 1 26
2 6 29 30 19 29 6 18
24 2 4 29
31 3 4 1 9
2 107
4 5
1 2 3 5
1 2 4 2
3 2 3 3
3 1 1
4 2 4 2
5 1 5
5 0
2 0
3 4 5 3 4 3
5 1 3
1 1 4
2 0
3 0
4 0
4 1 3
3 0
3 2 4 3
5 0
3 1 4
2 2 1 4
5 2 3 4
3 1 2
4 0
5 1 5
1 2 5 1
4 1 5
5 3 1 4 1
5 1 3
2 0
3 1 2
3 3 5 5 3
5 0
3 2 2 1
5 1 4
2 1 2
3 1 1
1 3 5 4 2
3 0
5 0
1 1 2
2 3 1 3 2
5 1 2
4 1 3
2 0
5 0
4 0
4 0
3 2 3 2
4 3 1 1 3
2 2 3 2
1 1 5
5 2 5 3
1 1 1
1 1 3
4 1 4
3 0
5 0
5 0
2 0
3 1 2
3 0
4 4 2 2 2 3
2 1 4
5 2 2 3
5 1 4
5 1 4
5 0
3 4 5 1 1 5
2 2 4 5
4 0
3 1 5
1 2 2 4
5 2 2 1
3 0
2 2 3 2
4 2 1 1
1 2 5 4
2 2 1 3
3 1 4
1 3 3 5 4
5 0
5 3 1 5 5
5 0
2 1 4
1 1 5
4 0
4 3 3 3 3
2 0
3 0
5 1 1
4 2 4 2
2 1 4
5 1 2
3 1 5
4 3 4 5 4
2 2 2 2
2 2 1 4
3 1 3
4 0
4 2 2 5
3 1 5
3 3 3 1 1
4 2 5 1
2 3 3 4 3
5 2 5 4
2 0
2 1 2
1 200
122
69 1 113
64 1 48
107 1 107
51 1 122
48 1 116
10 1 68
81 1 101
84 1 123
39 1 50
38 1 90
85 1 55
25 1 123
33 1 12
71 1 67
84 1 70
117 1 133
47 1 131
20 1 92
119 1 92
23 1 57
116 1 116
24 1 77
30 1 4
53 1 106
54 1 66
50 1 39
37 1 98
44 1 20
13 1 1
67 1 35
107 1 78
91 1 49
2 1 88
123 1 10
12 1 33
63 1 63
131 1 65
57 1 2
22 1 104
119 1 119
114 1 114
85 1 85
49 1 105
124 1 71
87 1 131
105 1 94
33 1 33
72 1 32
95 1 72
66 1 54
9 1 82
131 1 87
82 1 54
113 1 69
104 1 22
64 1 18
133 1 133
4 1 30
70 1 84
105 1 82
42 1 49
73 1 73
113 1 101
54 1 13
71 1 124
52 1 52
91 1 8
77 1 24
82 1 9
86 1 84
101 1 58
67 1 6
70 1 70
32 1 32
22 1 4
57 1 23
19 1 95
78 1 107
41 1 120
120 1 120
32 1 72
44 1 132
106 1 106
101 1 81
42 1 42
72 1 53
2 1 56
77 1 39
89 1 103
90 1 11
63 1 68
11 1 74
87 1 87
18 1 64
123 1 25
51 1 51
19 1 19
129 1 37
103 1 89
53 1 47
28 1 10
20 1 128
110 1 110
68 1 63
30 1 30
97 1 34
60 1 59
28 1 28
128 1 128
4 1 90
35 1 67
66 1 66
37 1 12
13 1 71
92 1 91
98 1 98
89 1 3
110 1 58
18 1 18
118 1 56
62 1 109
92 1 119
52 1 6
3 1 97
16 1 47
11 1 95
5 1 112
122 1 51
74 1 11
38 1 38
88 1 2
50 1 50
109 1 62
1 1 1
78 1 77
8 1 8
1 1 13
55 1 117
47 1 16
49 1 42
132 1 132
120 1 41
34 1 34
95 1 19
48 1 113
12 1 89
68 1 78
74 1 74
56 1 118
118 1 118
86 1 73
103 1 103
73 1 86
59 1 57
121 1 121
35 1 35
94 1 94
90 1 38
55 1 85
133 1 117
106 1 53
121 1 3
97 1 22
9 1 9
109 1 129
23 1 23
10 1 28
39 1 59
25 1 25
104 1 104
69 1 69
62 1 62
6 1 52
6 1 109
8 1 91
112 1 112
128 1 20
117 1 44
16 1 16
129 1 114
114 1 129
3 1 121
81 1 81
116 1 48
24 1 24
132 1 44
58 1 55
58 1 110
5 1 41
98 1 37
124 1 124
60 1 60
34 1 97
88 1 88
122 1 5
94 1 105
41 1 86
56 1 64
112 1 5
59 1 60
1 200
32
185 1 52
58 1 66
142 1 134
159 1 168
30 1 37
200 1 8
10 1 122
82 1 153
67 1 170
32 1 91
94 1 72
28 1 1
54 1 69
174 1 140
165 1 172
186 1 117
61 1 198
29 1 44
122 1 196
106 1 42
1 1 23
117 1 104
95 1 76
17 1 92
59 1 40
164 1 141
100 1 142
152 1 77
7 1 106
12 1 10
34 1 20
131 1 54
194 1 74
138 1 189
176 1 80
195 1 98
89 1 146
158 1 9
127 1 95
2 1 18
148 1 137
132 1 4
136 1 131
98 1 174
197 1 133
71 1 89
84 1 55
42 1 181
149 1 114
144 1 155
62 1 101
101 1 99
92 1 129
69 1 79
119 1 67
14 1 176
121 1 188
96 1 107
81 1 175
43 1 116
76 1 123
74 1 97
75 1 24
21 1 100
199 1 96
140 1 159
153 1 199
36 1 26
124 1 148
108 1 34
143 1 149
52 1 16
78 1 15
105 1 109
104 1 6
79 1 126
37 1 7
141 1 144
51 1 125
183 1 113
60 1 62
41 1 173
35 1 3
128 1 178
160 1 59
198 1 103
130 1 124
111 1 82
33 1 14
150 1 90
24 1 25
126 1 121
50 1 167
171 1 160
139 1 78
53 1 165
113 1 28
180 1 56
9 1 163
154 1 38
26 1 139
45 1 84
27 1 48
129 1 19
137 1 5
123 1 57
190 1 115
4 1 2
177 1 47
187 1 53
115 1 150
68 1 171
64 1 105
38 1 135
110 1 164
112 1 35
120 1 81
118 1 55
91 1 152
166 1 86
162 1 138
156 1 71
72 1 190
103 1 65
188 1 197
161 1 145
70 1 151
56 1 195
20 1 49
90 1 36
178 1 108
88 1 21
66 1 183
77 1 112
73 1 128
15 1 75
173 1 147
184 1 136
49 1 119
168 1 50
55 1 61
151 1 132
181 1 51
8 1 177
65 1 12
83 1 11
133 1 191
192 1 45
13 1 64
193 1 102
109 1 111
134 1 156
85 1 180
3 1 93
39 1 118
11 1 31
189 1 63
23 1 29
116 1 185
196 1 85
145 1 94
5 1 127
18 1 162
87 1 70
86 1 27
146 1 193
25 1 88
31 1 120
167 1 110
22 1 161
47 1 158
57 1 41
179 1 130
63 1 194
114 1 39
147 1 87
182 1 68
169 1 154
107 1 43
102 1 192
157 1 17
48 1 143
46 1 187
97 1 33
191 1 200
155 1 73
172 1 182
6 1 13
80 1 83
163 1 166
16 1 60
40 1 157
175 1 22
99 1 46
170 1 184
135 1 179
44 1 30
125 1 186
93 1 58
19 1 169
2 200
9 174
143 3 5 32 60
52 2 154 143
126 2 15 52
153 1 126
10 3 74 134 153
19 2 144 10
96 3 12 143 19
168 1 96
123 1 168
77 3 199 123 74
156 2 114 77
71 2 16 156
9 1 71
184 4 49 137 9 51
195 2 73 184
131 4 75 144 195 165
164 4 59 131 194 120
44 4 127 164 31 30
142 2 136 44
139 2 156 142
106 1 139
128 2 164 106
171 1 128
105 2 152 171
40 3 43 40 105
158 4 188 104 40 98
127 3 115 155 158
48 1 127
11 1 48
53 2 52 11
149 1 53
93 1 149
83 1 93
75 1 83
113 3 119 75 194
37 2 119 113
84 3 95 142 37
117 2 106 84
85 1 117
157 3 104 85 134
80 4 141 118 66 157
68 4 162 175 152 80
193 2 104 68
121 2 186 193
182 2 81 121
4 1 182
73 2 104 4
74 2 117 73
3 2 22 74
145 1 3
102 1 145
155 1 102
130 1 155
15 1 130
18 2 134 15
21 3 147 18 8
169 3 95 150 21
180 1 169
32 2 187 180
72 2 99 32
161 2 149 72
150 2 96 161
46 1 150
13 1 46
186 2 31 13
115 3 149 186 44
88 4 141 115 196 150
57 3 11 88 56
39 2 38 57
81 1 39
194 2 15 81
187 2 143 194
112 3 74 193 187
136 2 53 112
118 2 61 136
33 3 70 29 118
103 2 107 33
47 1 103
198 4 25 35 47 61
101 2 95 198
147 4 179 107 52 101
14 2 137 147
119 1 14
28 1 119
129 1 28
162 2 15 129
179 1 162
17 1 179
82 2 64 17
99 1 82
16 4 156 170 99 92
98 1 16
87 1 98
111 2 19 87
199 4 90 111 64 117
173 1 199
59 2 114 173
30 2 120 59
146 2 127 30
166 4 157 80 146 116
36 2 100 166
114 1 36
54 3 198 15 114
65 1 54
62 1 65
152 3 181 62 146
140 1 152
69 2 56 140
134 3 191 69 82
176 1 134
64 1 176
22 1 64
24 2 187 22
31 3 85 24 140
97 2 21 31
20 2 17 97
27 1 20
42 2 67 27
159 1 42
50 2 186 159
122 1 50
60 1 122
23 2 64 60
107 1 23
25 1 107
120 1 25
86 1 120
116 1 86
175 2 72 116
132 2 186 175
124 2 99 132
67 2 173 124
188 1 67
34 3 14 188 197
2 4 165 163 144 34
172 5 138 186 59 2 150
7 1 172
66 2 81 7
70 2 106 66
108 1 70
26 1 108
196 1 26
135 1 196
8 1 135
165 2 39 8
1 1 165
94 2 18 1
137 1 94
125 2 41 137
45 2 24 125
58 3 35 36 45
148 1 58
190 1 148
141 4 24 190 56 117
56 1 141
185 1 56
133 3 142 185 84
197 1 133
109 1 197
163 3 27 109 106
29 3 114 172 163
170 2 159 29
191 2 92 170
192 2 151 191
160 2 154 192
144 3 174 64 160
6 4 154 144 164 36
41 2 189 6
104 2 198 41
189 3 188 104 56
89 2 180 189
43 2 102 89
181 3 175 43 39
5 1 181
151 1 5
110 4 79 151 39 148
63 1 110
92 2 151 63
95 3 68 21 92
76 2 158 95
100 5 33 114 76 64 41
12 3 134 100 141
183 2 5 12
177 1 183
55 1 177
138 1 55
90 3 146 34 138
91 1 90
61 2 138 91
35 3 95 43 61
154 2 76 35
78 3 142 154 1
178 2 75 78
49 1 178
167 1 49
38 3 58 182 167
200 1 38
79 2 134 200
51 1 79
174 2 78 51
1 200
200
200 1 200
200 1 200
200 1 200
200 1 200
200 1 200
200 1 200
200 1 200
200 1 200
200 1 200
200 1 200
200 1 200
200 1 200
200 1 200
200 1 200
200 1 200
200 1 200
200 1 200
200 1 200
200 1 200
200 1 200
200 1 200
200 1 200
200 1 200
200 1 200
200 1 200
200 1 200
200 1 200
200 1 200
200 1 200
200 1 200
200 1 200
200 1 200
200 1 200
200 1 200
200 1 200
200 1 200
200 1 200
200 1 200
200 1 200
200 1 200
200 1 200
200 1 200
200 1 200
200 1 200
200 1 200
200 1 200
200 1 200
200 1 200
200 1 200
200 1 200
200 1 200
200 1 200
200 1 200
200 1 200
200 1 200
200 2 200 200
200 1 200
200 1 200
200 1 200
200 1 200
200 1 200
200 1 200
200 1 200
200 1 200
200 1 200
200 1 200
200 1 200
200 1 200
200 1 200
200 1 200
200 1 200
200 1 200
200 1 200
200 1 200
200 1 200
200 1 200
200 1 200
200 1 200
200 1 200
200 1 200
200 1 200
200 1 200
200 1 200
200 1 200
200 1 200
200 1 200
200 1 200
200 1 200
200 1 200
200 1 200
200 1 200
200 1 200
200 1 200
200 1 200
200 1 200
200 1 200
200 1 200
200 1 200
200 1 200
200 1 200
200 1 200
200 1 200
200 1 200
200 1 200
200 1 200
200 1 200
200 1 200
200 1 200
200 1 200
200 1 200
200 1 200
200 1 200
200 1 200
200 1 200
200 1 200
200 1 200
200 1 200
200 1 200
200 1 200
200 1 200
200 1 200
200 1 200
200 1 200
200 1 200
200 1 200
200 1 200
200 1 200
200 1 200
200 0
200 1 200
200 1 200
200 1 200
200 1 200
200 1 200
200 1 200
200 1 200
200 1 200
200 1 200
200 1 200
200 1 200
200 1 200
200 1 200
200 1 200
200 1 200
200 1 200
200 1 200
200 1 200
200 1 200
200 1 200
200 1 200
200 1 200
200 1 200
200 1 200
200 1 200
200 1 200
200 1 200
200 1 200
200 1 200
200 1 200
200 1 200
200 1 200
200 1 200
200 1 200
200 1 200
200 1 200
200 1 200
200 1 200
200 1 200
200 1 200
200 1 200
200 1 200
200 1 200
200 1 200
200 1 200
200 1 200
200 1 200
200 1 200
200 1 200
200 1 200
200 1 200
200 1 200
200 1 200
200 1 200
200 1 200
200 1 200
200 1 200
200 1 200
200 1 200
200 1 200
200 1 200
200 1 200
200 1 200
200 1 200
200 1 200
200 1 200
200 1 200
200 1 200
200 1 200
200 1 200
200 1 200
39 127
2 4 5 1 7 2 1 14 2 13 4 13 7 1 8 5 8 14 5 11 5 12 13 17 5 8 7 7 11 14 14 13 1 1 4 15 3 4 2
12 2 11 16
8 3 12 16 1
5 0
7 2 7 6
14 3 16 11 8
5 0
14 3 16 5 2
10 2 2 10
3 2 7 6
1 3 15 15 17
14 1 8
13 4 9 1 12 13
5 0
16 5 6 7 9 16 2
16 1 7
5 3 13 1 4
3 0
6 2 12 16
2 3 11 14 14
1 4 6 15 15 8
8 2 5 16
16 0
14 2 4 8
3 3 4 17 16
7 2 12 4
6 0
6 2 8 4
4 1 13
16 1 11
17 2 1 8
13 2 10 15
10 4 1 14 2 8
15 2 10 13
17 3 3 8 14
16 3 6 14 7
12 2 15 6
12 1 8
3 2 7 2
12 1 4
14 4 12 15 9 16
4 4 16 17 10 1
16 5 8 6 6 5 17
17 0
16 2 3 11
14 2 8 16
7 3 16 15 15
3 4 6 15 12 12
7 0
12 1 14
5 0
7 4 5 5 14 17
2 2 4 12
11 3 16 14 9
12 1 17
12 7 16 15 17 9 8 2 15
17 1 2
17 2 1 9
8 1 17
11 0
15 3 7 17 12
16 4 8 12 7 5
6 0
7 4 4 10 13 15
13 2 1 10
13 1 3
13 0
15 3 7 11 3
7 1 15
15 3 15 4 4
9 1 14
11 1 14
9 2 4 6
15 4 15 7 13 16
1 5 16 11 8 9 4
16 5 9 6 13 9 7
11 1 17
7 1 15
1 4 11 17 4 3
9 3 13 4 2
10 1 6
13 0
6 3 2 4 10
2 0
14 2 9 2
17 0
14 2 1 14
13 3 10 16 7
16 1 1
4 2 8 2
14 2 2 4
13 2 17 17
2 3 12 1 2
10 1 13
10 2 17 16
6 2 1 11
5 0
5 0
3 1 6
2 3 16 6 14
11 0
3 1 9
12 1 2
10 1 10
17 2 8 2
13 2 3 2
8 1 9
2 2 7 7
10 2 13 14
17 4 9 16 1 1
10 1 4
2 2 15 15
3 1 15
15 4 13 12 7 13
4 4 1 17 1 14
17 0
6 4 6 15 12 12
17 2 1 14
3 2 5 7
4 5 10 14 10 7 8
11 1 17
17 1 6
8 3 6 9 9
4 4 10 3 7 14
9 1 5
17 4 11 11 10 4
9 3 13 1 12
14 1 2
10 50
12 7 2 9 2 4 2 8 4 6
3 1 9
10 3 13 6 10
10 3 5 4 13
5 2 3 11
9 3 9 13 13
13 3 11 7 13
1 2 1 9
3 2 6 4
6 2 1 2
1 3 1 2 8
1 1 11
9 4 1 10 6 12
11 1 1
2 3 8 4 12
1 1 6
9 1 10
7 1 12
9 2 8 11
8 2 6 4
13 1 7
7 1 9
8 3 2 7 3
7 0
8 2 1 8
5 1 12
10 2 12 9
13 4 9 5 13 8
7 1 9
6 2 1 9
5 2 2 6
1 1 3
9 4 1 7 7 10
1 1 2
12 1 10
2 1 6
11 1 6
1 2 9 8
2 1 6
13 0
6 1 5
4 3 9 12 12
2 1 9
1 2 4 4
1 6 6 5 6 4 12 2
6 0
3 2 3 6
11 0
12 2 9 6
11 2 1 9
7 0
18 20
8 35 17 50 24 29 40 4 34 44 9 36 33 35 40 49 21 11
25 12 30 44 5 2 33 49 49 26 5 10 22 26
40 15 47 10 20 50 1 21 18 25 38 2 17 5 11 17 33
37 14 49 26 4 29 41 12 34 16 10 15 42 13 18 19
38 14 45 13 47 8 4 46 23 33 1 21 15 9 31 18
24 7 40 1 47 34 35 39 7
6 6 41 50 50 50 19 32
3 18 40 23 5 26 15 8 21 44 49 3 29 5 2 27 28 34 34 44
17 16 2 12 13 50 15 2 43 27 12 33 37 13 10 26 47 31
16 11 44 12 32 48 11 5 27 6 44 50 16
31 18 42 7 30 18 50 9 25 48 37 39 28 22 24 37 10 50 43 7
2 12 39 15 20 27 2 9 38 30 50 33 16 25
47 7 40 25 27 42 39 19 49
27 14 34 9 8 11 8 22 44 4 5 24 20 5 19 41
6 12 50 27 9 27 41 9 37 23 30 49 39 25
18 11 8 32 42 18 43 10 6 5 29 21 18
41 8 31 2 23 17 25 1 20 31
4 10 4 48 13 25 42 21 8 41 36 12
35 8 1 32 19 17 4 34 20 19
26 17 45 39 37 24 11 31 30 41 47 12 20 35 15 42 38 27 40
19 12 48 30 7 21 50 21 40 13 43 33 13 43
158 200
10 18 13 1 19 12 13 17 19 14 3 16 17 15 11 6 7 11 18 17 4 6 19 6 17 17 9 2 4 14 2 14 11 6 6 10 17 10 18 7 4 20 3 12 6 5 17 12 15 6 20 10 12 11 8 8 7 8 1 11 1 2 16 4 20 1 5 16 10 2 15 13 14 9 16 19 5 12 3 19 10 2 20 1 12 19 20 19 6 12 9 19 5 4 2 4 16 18 12 5 19 6 10 4 14 5 15 18 9 17 8 18 18 19 10 2 18 9 20 15 20 20 5 16 15 6 20 10 3 11 6 14 16 15 9 1 12 3 10 20 11 17 9 9 7 18 2 16 18 1 3 9 12 7 4 6 13 3
7 0
7 4 6 16 4 15
5 2 2 10
12 1 20
12 0
12 4 18 5 12 12
19 0
13 1 3
12 1 6
2 1 2
15 0
1 2 1 20
13 1 7
6 3 4 10 15
9 0
1 1 1
6 2 11 5
8 1 15
10 0
7 0
3 2 9 13
7 1 7
19 1 6
5 1 10
15 2 19 3
2 1 13
12 4 11 15 4 9
18 0
7 0
16 2 2 12
13 0
5 1 14
14 3 6 7 15
17 0
8 0
18 1 3
9 2 5 1
18 0
10 0
12 0
19 0
16 0
5 0
11 1 13
1 0
5 1 9
3 1 16
18 3 6 12 20
12 0
12 0
16 0
7 0
18 0
14 1 2
11 2 4 12
4 4 16 15 7 7
15 0
14 2 20 18
2 0
13 0
1 1 2
6 1 4
9 0
15 0
2 1 14
17 4 3 1 20 9
4 5 9 7 12 2 20
2 1 1
14 0
13 3 10 6 20
6 2 10 18
5 0
8 3 1 9 17
10 2 19 16
7 1 13
1 1 12
14 1 11
10 1 5
18 3 3 6 5
18 0
1 3 4 18 17
14 0
4 1 1
11 2 12 18
19 1 19
14 1 10
14 0
6 2 18 12
20 0
7 1 3
10 0
20 2 17 2
12 0
19 1 3
6 0
6 4 17 17 13 16
15 0
9 3 17 19 16
19 3 9 15 7
20 0
13 1 9
4 1 7
4 2 2 9
1 2 4 8
5 2 4 15
11 1 6
13 2 1 10
19 2 13 10
12 1 7
2 0
16 0
12 2 11 16
15 1 11
19 0
14 2 3 6
6 1 9
4 1 18
20 0
3 2 4 11
3 1 6
18 0
12 1 2
15 0
2 1 15
10 1 1
20 0
7 0
16 2 13 6
9 3 10 20 17
17 0
16 3 12 17 1
1 1 3
13 2 1 20
11 3 3 11 15
13 2 2 13
17 2 1 12
13 2 13 10
5 0
15 4 20 10 6 17
4 1 9
7 2 9 18
2 1 20
8 0
13 2 12 5
12 2 4 9
1 0
10 2 9 12
8 0
12 0
12 0
10 1 14
10 0
16 1 17
4 2 4 16
11 0
17 1 20
16 1 15
9 0
13 1 19
4 0
5 2 10 8
20 5 17 9 19 11 10
16 0
9 0
2 1 10
1 2 7 8
6 1 20
15 0
17 2 12 18
12 1 4
18 4 20 14 4 17
15 1 4
14 0
5 0
20 0
17 0
18 2 19 11
9 2 5 15
4 1 4
9 1 17
13 1 9
6 1 8
18 0
8 3 10 5 20
1 1 18
8 1 10
16 1 9
16 2 11 16
8 1 8
8 2 15 18
11 2 13 5
5 1 10
19 1 6
19 2 20 11
13 1 18
13 2 19 4
19 0
18 1 9
7 1 20
15 2 5 8
1 30
5
3 1 5
3 2 4 3
5 2 4 6
6 4 6 6 4 4
3 1 4
2 1 4
6 1 4
5 0
2 1 1
5 1 1
2 1 1
1 2 6 3
4 2 2 3
6 2 6 2
4 2 4 3
2 1 6
3 2 3 6
1 1 6
1 4 6 2 2 3
6 5 4 2 1 5 3
3 2 5 2
2 2 6 6
2 0
1 2 3 2
6 5 4 6 1 3 1
1 0
5 2 1 6
5 1 1
6 1 1
4 1 5
3 200
14 4 17
23 0
8 2 7 15
15 0
5 1 22
4 2 17 2
23 0
12 1 20
6 0
16 1 18
3 1 10
11 1 23
12 0
21 1 22
10 0
7 2 18 11
6 0
22 2 15 7
20 1 7
13 0
6 1 1
3 1 8
11 1 20
2 1 11
15 1 5
8 0
14 1 5
10 0
14 1 2
15 1 23
14 2 21 3
21 0
8 1 10
15 1 6
13 1 21
13 2 20 1
18 0
6 1 4
18 0
17 3 20 7 9
15 0
21 0
21 1 5
3 0
12 1 8
7 3 9 13 4
9 2 10 9
12 2 7 3
5 0
22 1 20
18 0
4 0
18 0
5 2 6 11
5 1 8
4 1 2
12 2 8 4
19 1 21
7 0
20 1 10
4 1 3
14 0
11 0
12 2 17 12
5 2 20 4
17 2 12 14
18 1 19
16 3 5 20 6
23 0
12 2 12 20
9 1 11
8 0
3 1 11
6 2 22 18
5 1 15
9 1 2
6 2 19 7
7 0
20 0
4 1 7
6 0
8 0
8 0
17 4 20 23 15 11
13 1 22
12 0
14 1 6
18 0
1 1 1
20 2 8 16
8 0
5 0
10 2 6 12
19 2 16 19
10 2 20 10
8 1 1
12 1 7
4 2 11 6
23 1 12
5 3 2 20 11
9 2 17 19
2 1 21
13 0
6 2 12 5
1 1 20
11 1 20
8 1 12
23 2 6 5
17 0
4 0
4 2 5 16
16 0
5 0
11 2 1 22
4 0
17 0
16 3 1 4 10
17 1 2
6 3 18 23 8
17 1 6
14 1 21
13 0
15 0
17 1 2
2 1 4
1 0
19 0
14 1 20
21 1 10
12 3 19 12 20
12 1 14
23 1 21
14 1 16
18 2 4 9
22 0
8 1 14
5 0
6 0
8 0
16 0
3 0
11 1 4
8 1 23
8 1 14
15 3 10 18 7
11 2 10 1
18 2 12 14
7 1 8
5 1 7
23 1 5
17 4 17 10 20 22
12 2 2 6
7 0
8 0
22 1 9
8 3 5 18 7
2 3 5 11 5
17 0
15 2 6 2
22 1 1
6 1 14
4 1 9
22 1 10
13 0
21 4 17 2 11 4
14 2 4 10
14 1 8
20 0
20 0
21 0
12 0
22 2 9 4
2 3 5 8 1
19 1 22
6 0
10 0
1 0
1 4 11 5 21 18
11 0
22 0
17 0
21 1 19
4 2 10 5
23 0
6 1 10
2 1 13
8 1 22
7 1 4
13 0
22 0
23 0
12 1 13
19 4 21 19 21 3
15 0
18 0
11 0
5 0
8 1 3
7 0
1 1 10
23 1 8
4 200
22 22 5 9
11 1 19
3 2 24 12
7 3 29 21 11
21 0
22 0
8 2 18 25
14 1 22
14 3 14 2 27
5 2 28 1
6 1 6
27 1 20
29 4 16 11 25 4
5 1 26
25 3 7 19 20
23 3 23 14 24
24 1 29
24 2 19 20
20 4 16 15 28 12
26 1 25
3 1 29
5 1 30
28 2 2 1
23 0
17 2 1 25
8 2 23 17
4 2 24 17
4 1 9
27 3 13 28 2
22 1 14
26 0
11 0
2 1 22
20 5 1 17 12 16 4
17 3 6 22 23
14 4 11 8 16 28
4 5 28 10 2 24 22
16 1 17
19 1 18
17 3 9 5 9
12 2 5 17
24 2 20 12
5 5 11 18 6 14 22
10 3 7 9 2
29 4 24 19 9 19
29 2 6 21
24 2 24 5
14 4 24 30 9 14
22 2 25 7
6 0
9 1 13
24 3 20 16 8
10 1 28
29 3 27 20 24
8 1 6
26 3 21 7 7
6 1 10
4 1 16
22 2 30 20
24 0
25 1 16
9 4 25 16 14 13
26 3 30 14 26
19 3 30 20 30
28 2 21 2
12 1 4
2 2 2 25
1 4 9 18 16 17
19 2 16 13
21 2 21 16
9 1 4
1 4 5 27 8 22
6 2 14 13
14 0
2 2 5 24
4 0
12 2 11 23
18 3 12 23 3
9 3 10 1 13
4 1 7
15 2 28 14
18 2 16 23
19 2 19 25
16 1 15
16 3 17 19 24
19 3 30 25 8
11 2 28 23
13 0
22 2 1 27
24 1 29
28 3 13 28 30
16 2 15 11
2 0
24 0
4 3 3 8 9
22 0
27 2 3 20
28 2 23 11
14 0
8 2 9 6
10 2 24 6
23 1 26
8 0
15 2 5 29
6 0
1 1 18
11 2 23 25
17 2 29 15
18 1 25
19 3 16 6 9
12 2 19 30
2 5 24 19 6 30 14
28 1 4
1 0
17 4 30 16 24 30
5 0
19 3 22 16 10
20 3 28 24 2
17 0
2 4 8 19 24 8
13 3 7 19 8
7 3 19 24 10
17 1 25
7 1 20
22 1 8
13 2 20 21
28 2 4 26
18 4 5 22 15 6
2 4 20 10 14 12
11 0
25 4 1 30 13 17
11 2 2 14
3 0
24 2 18 13
17 3 13 9 1
30 3 22 8 2
25 1 12
27 6 24 29 10 6 9 1
17 4 11 2 20 24
4 0
8 0
20 1 2
6 2 25 13
5 3 19 17 6
12 1 14
14 2 16 14
10 2 6 18
22 3 9 18 22
3 3 18 23 8
18 3 23 1 17
23 2 27 7
8 2 5 24
24 2 7 29
2 4 4 9 29 16
6 2 21 28
15 2 10 20
6 1 12
3 0
25 3 27 1 14
7 2 12 4
5 2 10 27
11 0
9 1 24
30 2 27 19
5 0
25 2 10 20
29 4 22 7 23 26
21 3 15 21 10
14 1 24
7 2 15 13
24 1 2
21 2 9 18
27 1 27
21 2 19 4
25 0
30 5 16 28 21 29 6
5 0
26 1 4
22 2 19 23
29 3 10 13 6
14 1 12
14 3 21 16 7
6 0
29 3 7 15 13
7 2 14 11
3 3 10 24 13
6 1 28
12 2 28 1
5 1 8
22 3 3 4 7
10 5 28 4 2 22 30
2 1 1
2 3 9 26 1
18 4 12 20 3 22
23 5 18 24 14 18 25
28 2 16 13
13 4 13 2 6 3
21 3 19 29 30
10 3 28 12 16
26 1 15
20 1 26
2 200
2 2
1 2 2 5
4 0
4 1 2
4 2 1 2
2 2 5 5
2 3 4 5 1
4 1 2
3 0
3 1 3
2 0
3 1 5
5 0
3 1 1
1 2 3 5
2 1 5
5 1 1
3 1 4
5 0
2 5 3 5 3 2 5
5 0
4 1 1
3 0
5 0
1 0
4 2 2 5
1 0
5 2 5 3
5 0
2 1 1
2 1 2
3 0
2 2 4 2
5 2 1 2
1 2 2 2
2 1 4
2 1 2
3 0
2 0
1 2 4 2
5 0
1 3 5 4 1
5 0
1 2 5 4
3 2 1 4
1 0
2 2 1 3
2 2 4 2
5 0
1 4 2 5 3 3
3 1 2
4 1 5
1 1 3
3 0
4 2 4 4
1 1 2
3 1 4
4 1 1
2 1 2
2 2 2 3
2 1 5
3 1 5
1 0
5 1 2
5 0
2 0
1 1 3
3 1 1
1 1 2
2 1 3
3 1 1
2 0
2 0
4 2 1 5
3 0
4 1 5
4 0
1 0
2 3 1 2 3
3 0
4 1 3
2 0
2 1 1
4 0
4 3 2 4 1
2 3 2 1 1
5 1 1
1 2 5 3
5 1 3
1 0
5 1 5
3 1 5
1 1 5
5 0
2 1 4
2 1 4
3 0
4 2 5 3
4 2 3 3
3 1 5
5 0
3 1 3
5 0
4 2 2 5
1 0
4 0
4 1 3
5 3 5 1 2
1 1 2
3 3 4 4 1
4 7 5 1 3 4 4 1 5
4 2 1 2
4 3 4 3 2
5 0
3 3 3 5 5
2 1 1
3 2 5 5
2 1 4
2 1 5
2 2 3 1
4 0
3 1 2
1 2 1 1
1 2 2 3
3 0
2 2 3 2
2 1 2
2 1 1
2 3 1 1 4
2 1 4
5 1 2
2 1 5
1 0
1 1 4
2 0
2 0
1 0
2 1 5
3 1 5
1 2 1 1
4 1 4
3 1 1
5 0
2 0
3 2 4 3
2 2 1 2
3 2 1 1
5 1 2
5 1 5
2 2 4 1
4 0
5 1 4
1 1 1
1 0
1 2 2 3
3 3 4 3 4
5 4 4 4 1 4
4 2 1 2
2 0
1 0
1 1 1
3 2 5 2
4 2 3 4
1 1 1
3 1 2
5 3 5 2 1
4 2 2 4
5 0
2 1 5
3 3 2 1 4
2 1 5
5 3 4 2 3
1 2 4 4
1 0
4 0
5 0
4 1 2
1 1 1
1 1 1
5 0
4 0
1 0
2 3 1 4 1
5 2 5 5
2 3 4 1 3
4 1 1
4 1 2
1 3 2 1 5
2 1 2
5 1 3
1 0
2 2 1 5
2 0
5 1 2
5 1 3
1 0
1 1 1
3 1 1
2 2 2 4
4 0
3 2 3 2
1 200
40
163 1 56
105 1 163
94 1 105
178 1 94
89 1 178
9 1 89
134 1 9
110 1 134
148 1 110
67 1 148
185 1 67
183 1 185
138 1 183
146 1 138
50 1 146
45 1 50
71 1 45
120 1 71
43 1 120
65 1 43
28 1 65
176 1 28
159 1 176
131 1 159
198 1 131
190 1 198
186 1 190
143 1 186
149 2 87 143
169 1 149
171 1 169
24 1 171
41 1 24
17 1 41
90 1 17
66 1 90
87 1 66
36 1 87
139 1 36
122 1 139
147 1 122
125 1 147
150 1 125
103 1 150
16 1 103
1 1 16
182 1 1
96 1 182
97 1 96
130 1 97
8 1 130
95 1 8
188 1 95
68 1 188
74 1 68
128 1 74
121 1 128
37 1 121
177 1 37
84 1 177
20 1 84
93 1 20
13 1 93
49 1 13
81 1 49
195 1 81
11 1 195
137 1 11
168 2 180 137
86 1 168
31 1 86
88 1 31
2 1 88
4 1 2
151 1 4
144 1 151
133 1 144
61 1 133
22 1 61
75 1 22
27 1 75
56 1 27
109 1 56
21 1 109
117 1 21
193 1 117
135 1 193
12 1 135
35 1 12
199 1 35
52 1 199
25 1 52
165 1 25
99 1 165
136 1 99
48 1 136
192 1 48
76 1 192
18 1 76
79 1 18
170 1 79
33 1 170
3 1 33
46 1 3
196 1 46
119 1 196
181 1 119
69 1 181
154 1 69
114 1 154
104 1 114
162 1 104
115 1 162
124 1 115
197 1 124
158 1 197
184 1 158
47 1 184
174 1 47
54 1 174
189 1 54
19 2 22 189
160 1 19
155 1 160
173 1 155
58 1 173
7 1 58
77 1 7
129 1 77
63 1 129
59 1 63
127 1 59
23 1 127
80 1 23
62 1 80
113 1 62
145 1 113
91 1 145
140 1 91
180 1 140
5 2 96 180
51 1 5
38 1 51
44 1 38
42 1 44
116 1 42
194 1 116
118 1 194
100 1 118
153 1 100
73 1 153
85 1 73
6 1 85
191 1 6
15 1 191
156 1 15
172 1 156
10 1 172
55 1 10
72 1 55
164 1 72
30 1 164
200 1 30
179 1 200
14 1 179
102 1 14
82 1 102
98 1 82
53 1 98
132 1 53
78 1 132
70 1 78
142 1 70
32 1 142
57 1 32
157 1 57
29 1 157
141 1 29
92 1 141
126 1 92
187 1 126
64 1 187
60 1 64
26 1 60
166 1 26
107 1 166
83 1 107
101 1 83
167 1 101
34 1 167
112 1 34
152 1 112
123 1 152
106 1 123
161 1 106
175 1 161
39 1 175
111 1 39
108 1 111
40 1 108
1 84
1
1 0
1 4 1 1 1 1
1 5 1 1 1 1 1
1 0
1 0
1 1 1
1 0
1 1 1
1 0
1 0
1 0
1 0
1 0
1 0
1 4 1 1 1 1
1 0
1 0
1 0
1 1 1
1 1 1
1 1 1
1 0
1 1 1
1 0
1 4 1 1 1 1
1 0
1 4 1 1 1 1
1 0
1 4 1 1 1 1
1 3 1 1 1
1 4 1 1 1 1
1 0
1 0
1 0
1 0
1 1 1
1 4 1 1 1 1
1 1 1
1 0
1 1 1
1 0
1 1 1
1 0
1 4 1 1 1 1
1 0
1 0
1 0
1 4 1 1 1 1
1 0
1 0
1 0
1 0
1 4 1 1 1 1
1 4 1 1 1 1
1 2 1 1
1 0
1 1 1
1 0
1 0
1 1 1
1 0
1 4 1 1 1 1
1 0
1 5 1 1 1 1 1
1 0
1 0
1 0
1 0
1 0
1 1 1
1 0
1 0
1 1 1
1 1 1
1 4 1 1 1 1
1 0
1 0
1 0
1 1 1
1 1 1
1 0
1 0
1 0
1 0
18 127
17 20 3 17 17 9 14 4 15 24 18 2 28 15 16 23 3 20
10 3 19 25 12
19 2 29 8
18 4 15 4 23 22
10 1 26
12 8 30 17 5 24 15 1 25 13
6 3 1 21 29
13 1 12
20 3 22 20 13
7 4 26 9 25 31
16 6 9 21 31 4 20 4
6 0
22 5 2 19 17 10 17
28 2 22 12
22 2 15 11
8 4 18 20 22 10
30 4 17 17 6 2
6 3 12 13 21
24 3 31 3 28
5 3 14 10 31
19 4 16 23 20 17
26 3 6 24 15
17 2 2 9
10 3 28 29 14
10 1 13
18 2 10 23
4 1 10
24 7 9 29 30 11 6 3 12
31 1 12
26 6 15 13 8 14 21 29
26 2 22 3
17 2 2 7
2 5 24 9 21 23 9
11 4 26 7 1 27
4 5 7 9 24 30 1
12 1 4
21 2 2 23
9 5 17 6 23 23 2
24 2 8 17
9 3 9 5 16
15 4 15 20 24 26
6 4 16 13 16 1
14 1 26
3 3 1 2 24
2 3 27 6 30
4 3 9 19 4
8 1 6
30 2 13 2
9 3 31 19 31
1 2 8 14
1 1 28
26 3 18 18 7
24 1 27
18 3 12 12 23
2 3 17 21 28
31 1 20
2 5 16 31 21 25 5
5 4 14 29 4 26
23 2 17 31
31 3 11 18 29
28 3 23 3 22
16 9 4 22 9 30 4 26 17 15 17
16 6 7 30 24 14 23 17
30 2 6 3
24 2 11 3
19 5 2 28 28 8 23
10 3 31 12 31
13 4 5 18 1 21
27 4 27 31 1 7
31 8 18 24 2 9 9 6 28 31
19 4 30 5 8 28
8 6 19 13 9 22 13 1
5 3 24 12 5
1 4 14 29 21 12
8 1 20
4 3 25 8 4
5 3 5 14 10
16 2 28 24
2 2 19 12
11 6 23 29 19 22 16 16
14 3 24 11 1
3 1 29
3 5 10 7 14 5 5
4 2 2 19
18 4 23 3 30 17
2 3 23 6 12
3 2 30 26
19 2 18 5
6 2 30 13
23 5 25 18 22 27 22
18 4 8 18 20 13
3 1 24
5 3 5 18 27
1 2 15 26
30 2 17 2
29 2 13 24
19 2 24 21
6 3 4 16 14
8 3 11 2 28
13 4 13 1 2 2
5 3 2 1 9
27 4 27 13 25 11
18 1 15
7 3 15 4 26
25 3 7 14 24
26 5 29 20 10 14 6
8 2 2 27
27 1 5
10 3 4 17 30
8 5 25 15 22 5 27
7 2 19 7
21 5 2 3 14 14 22
10 0
7 3 7 1 11
24 3 20 11 3
25 1 7
9 3 2 6 12
26 2 30 31
10 3 26 19 3
12 3 5 28 21
17 2 13 21
28 2 19 11
12 1 10
22 3 11 31 1
26 1 7
10 4 18 27 28 31
17 4 14 15 28 19
11 1 27
2 63
1 2
4 0
3 3 2 3 2
2 3 1 2 3
3 2 1 2
3 0
2 3 4 2 1
4 2 1 1
3 1 1
2 1 3
2 1 3
4 0
1 2 1 1
4 1 3
4 0
4 4 4 1 4 1
2 1 3
1 1 3
1 2 1 1
2 2 2 4
1 0
4 1 2
2 0
1 2 3 4
1 0
1 1 4
1 3 3 2 2
2 0
1 1 3
2 1 2
2 1 2
1 2 1 4
1 0
1 0
2 1 2
3 2 2 4
3 2 1 1
3 3 4 4 2
3 0
1 0
4 2 2 1
4 1 2
4 1 4
1 0
4 0
3 1 1
4 2 2 1
1 3 2 1 3
3 6 1 2 3 3 3 2
1 0
2 2 1 2
3 2 4 3
4 2 4 3
3 1 1
3 1 3
4 0
3 0
3 0
2 1 3
3 0
4 2 4 2
3 2 4 1
3 2 2 4
1 4 1 1 2 1
2 123
59 134
53 1 179
180 3 178 21 154
147 3 96 195 52
87 2 122 192
98 0
121 2 148 104
114 2 66 73
120 5 75 38 1 74 120
189 3 149 90 196
101 0
185 4 142 88 138 132
173 4 180 110 1 145
118 3 117 61 198
189 3 82 8 120
87 7 60 91 149 41 63 131 76
3 1 34
196 6 129 20 183 198 60 8
73 0
14 5 75 128 47 169 182
72 0
88 2 196 55
131 2 177 112
119 3 104 99 165
22 7 16 144 186 178 3 150 88
47 4 17 158 76 105
137 1 174
58 3 137 80 63
17 4 117 81 10 155
135 4 65 64 15 24
162 2 15 126
27 2 125 15
139 2 159 158
142 3 47 66 16
173 3 8 53 106
25 3 6 149 91
191 4 116 129 117 109
45 3 126 45 40
90 3 106 160 160
62 4 197 100 179 113
33 6 131 200 147 169 187 107
191 5 137 69 41 134 178
46 3 59 180 151
158 3 116 25 4
60 2 181 25
187 3 163 140 31
44 4 72 119 164 38
62 4 161 144 28 130
134 1 28
68 2 169 47
28 5 162 171 7 115 58
5 5 115 45 67 14 72
155 2 52 112
158 3 106 119 119
75 5 28 10 99 45 52
128 4 19 101 99 79
156 5 89 103 163 193 9
164 6 22 175 74 125 123 108
185 5 83 31 109 23 141
172 4 27 94 124 107
98 3 42 185 47
99 1 75
198 4 194 181 83 142
36 5 126 18 19 172 161
192 2 29 112
122 2 38 75
12 0
182 5 123 173 156 153 167
119 1 100
102 3 85 86 146
196 4 12 161 98 17
151 6 68 9 178 129 36 68
44 1 60
41 3 49 170 183
108 2 150 23
103 6 76 21 181 164 97 45
179 2 107 101
104 1 59
117 2 156 16
112 6 120 153 83 136 62 199
123 7 104 105 4 2 20 198 113
144 4 170 145 90 40
69 4 120 52 56 187
78 3 190 134 191
101 4 98 162 164 122
143 4 126 39 172 109
5 4 70 148 18 150
8 2 79 121
106 2 134 67
142 3 112 126 153
180 2 70 168
155 5 75 63 39 138 97
40 3 71 98 96
129 8 46 66 103 180 199 188 144 38
142 4 117 141 144 176
31 4 87 159 174 189
3 1 199
106 2 68 48
164 3 62 110 68
121 2 11 25
159 2 188 25
159 3 197 77 66
23 4 90 111 45 162
2 2 62 198
152 5 77 193 83 122 37
131 3 199 73 123
56 0
130 2 101 155
186 3 102 70 110
172 3 197 169 96
194 4 150 45 92 40
108 3 20 156 20
115 3 121 69 16
62 4 159 52 14 179
137 8 185 79 135 42 186 4 162 113
167 1 24
156 6 7 87 65 165 169 44
94 3 169 18 163
175 4 64 124 79 104
14 3 164 131 81
187 2 79 137
106 3 10 4 4
120 2 91 128
178 5 161 196 131 107 147
1 199
13
13 2 18 77
69 0
9 1 10
92 1 18
56 1 77
59 0
34 1 103
76 3 70 62 18
14 0
81 0
79 3 103 40 78
5 2 40 62
38 1 70
19 2 77 78
101 4 78 25 109 77
90 3 70 61 61
68 1 103
50 2 70 40
23 2 109 61
21 2 78 109
47 1 40
52 1 2
75 0
71 3 77 77 2
66 2 78 77
28 0
36 1 40
83 6 2 103 62 70 78 109
11 2 2 62
80 0
17 1 61
45 1 103
64 1 61
48 0
20 3 78 77 25
51 2 70 78
35 1 18
67 1 2
30 0
99 1 2
105 2 111 78
16 2 18 25
44 1 62
65 0
107 1 61
39 2 18 111
93 2 103 61
24 1 77
91 3 77 111 61
72 3 56 77 10
77 2 109 70
32 1 30
78 1 111
63 2 105 2
70 0
27 3 47 109 70
47 3 52 27 109
55 1 107
61 0
109 1 40
87 3 36 109 10
57 1 19
25 1 61
54 2 34 25
109 1 18
49 2 79 62
30 2 99 32
90 4 68 41 111 62
77 3 10 109 18
93 4 24 73 62 109
64 2 48 88
86 3 50 111 40
26 1 11
23 2 21 4
20 3 51 58 10
103 2 62 111
13 5 69 1 25 111 78
69 4 9 7 77 111
34 3 76 54 78
21 2 47 37
108 3 51 111 18
43 3 101 78 111
102 2 48 40
70 3 18 61 77
51 2 35 108
1 4 13 103 78 25
60 3 17 111 78
65 3 107 110 18
70 0
2 4 77 25 10 78
78 1 62
76 8 14 29 103 2 70 70 78 62
18 1 10
98 5 28 10 78 2 61
40 2 77 78
70 0
83 3 11 8 61
2 1 25
25 3 78 25 18
77 0
105 2 16 63
25 1 77
18 1 70
111 1 18
17 2 45 60
110 1 65
15 1 35
2 1 2
28 5 36 98 40 78 10
78 2 10 40
70 1 2
3 1 5
25 0
101 3 90 43 111
37 2 21 18
91 3 31 109 25
2 1 2
5 4 38 3 62 70
11 4 80 26 18 78
33 3 80 78 10
10 3 70 10 109
18 1 40
36 2 83 87
52 6 75 97 103 111 2 103
16 2 44 85
8 1 83
75 3 71 46 78
39 4 93 82 18 109
66 3 28 53 70
74 2 24 77
103 0
61 0
48 3 20 102 2
58 4 20 70 103 78
97 2 52 61
10 3 61 2 111
12 3 38 2 61
95 1 45
100 1 44
25 1 70
31 2 91 77
50 3 23 86 109
81 3 79 42 10
42 2 81 62
24 2 91 74
88 2 64 111
111 1 18
103 1 78
96 1 68
53 1 66
4 2 23 10
29 2 76 77
14 2 81 6
2 0
19 4 101 57 103 111
107 3 39 55 2
111 1 77
59 3 34 84 109
73 2 93 70
2 0
25 1 103
85 4 16 109 109 109
7 3 69 40 40
103 1 40
104 1 9
22 2 92 25
89 1 71
46 2 75 103
67 5 30 94 61 62 2
10 0
41 3 90 25 25
68 3 50 96 77
103 2 77 10
82 1 39
99 3 105 106 25
78 2 103 109
79 5 5 49 77 2 62
111 0
77 1 77
71 7 66 89 78 10 103 61 25
92 3 56 22 103
18 0
84 2 59 40
35 3 67 15 103
80 3 17 33 2
62 1 77
56 3 59 72 40
6 1 14
9 5 92 104 25 70 40
62 2 10 61
18 0
2 0
111 2 78 77
18 2 61 103
44 4 65 100 103 2
106 2 99 25
38 3 19 12 40
94 1 67
45 3 64 95 78
400 200
5 5 5 5 5 5 5 5 5 5 5 5 5 5 5 5 5 5 5 5 5 5 5 5 5 5 5 5 5 5 5 5 5 5 5 5 5 5 5 5 5 5 5 5 5 5 5 5 5 5 5 5 5 5 5 5 5 5 5 5 5 5 5 5 5 5 5 5 5 5 5 5 5 5 5 5 5 5 5 5 5 5 5 5 5 5 5 5 5 5 5 5 5 5 5 5 5 5 5 5 5 5 5 5 5 5 5 5 5 5 5 5 5 5 5 5 5 5 5 5 5 5 5 5 5 5 5 5 5 5 5 5 5 5 5 5 5 5 5 5 5 5 5 5 5 5 5 5 5 5 5 5 5 5 5 5 5 5 5 5 5 5 5 5 5 5 5 5 5 5 5 5 5 5 5 5 5 5 5 5 5 5 5 5 5 5 5 5 5 5 5 5 5 5 5 5 5 5 5 5 5 5 5 5 5 5 5 5 5 5 5 5 5 5 5 5 5 5 5 5 5 5 5 5 5 5 5 5 5 5 5 5 5 5 5 5 5 5 5 5 5 5 5 5 5 5 5 5 5 5 5 5 5 5 5 5 5 5 5 5 5 5 5 5 5 5 5 5 5 5 5 5 5 5 5 5 5 5 5 5 5 5 5 5 5 5 5 5 5 5 5 5 5 5 5 5 5 5 5 5 5 5 5 5 5 5 5 5 5 5 5 5 5 5 5 5 5 5 5 5 5 5 5 5 5 5 5 5 5 5 5 5 5 5 5 5 5 5 5 5 5 5 5 5 5 5 5 5 5 5 5 5 5 5 5 5 5 5 5 5 5 5 5 5 5 5 5 5 5 5 5 5 5 5 5 5 5 5 5 5 5 5 5 5 5 5 5 5 5 5 5 5 5 5 5 5 5 5 5 5
5 0
5 0
5 0
5 0
5 0
5 0
5 0
5 0
5 0
5 0
5 0
5 0
5 0
5 0
5 0
5 0
5 0
5 0
5 0
5 0
5 0
5 0
5 0
5 0
5 0
5 0
5 0
5 0
5 0
5 0
5 0
5 0
5 0
5 0
5 0
5 0
5 0
5 0
5 0
5 0
5 0
5 0
5 0
5 0
5 0
5 0
5 0
5 0
5 0
5 0
5 0
5 0
5 0
5 0
5 0
5 0
5 0
5 0
5 0
5 0
5 0
5 0
5 0
5 0
5 0
5 0
5 0
5 0
5 0
5 0
5 0
5 0
5 0
5 0
5 0
5 0
5 0
5 0
5 0
5 0
5 0
5 0
5 0
5 0
5 0
5 0
5 0
5 0
5 0
5 0
5 0
5 0
5 0
5 0
5 0
5 0
5 0
5 0
5 0
5 0
5 0
5 0
5 0
5 0
5 0
5 0
5 0
5 0
5 0
5 0
5 0
5 0
5 0
5 0
5 0
5 0
5 0
5 0
5 0
5 0
5 0
5 0
5 0
5 0
5 0
5 0
5 0
5 0
5 0
5 0
5 0
5 0
5 0
5 0
5 0
5 0
5 0
5 0
5 0
5 0
5 0
5 0
5 0
5 0
5 0
5 0
5 0
5 0
5 0
5 0
5 0
5 0
5 0
5 0
5 0
5 0
5 0
5 0
5 0
5 0
5 0
5 0
5 0
5 0
5 0
5 0
5 0
5 0
5 0
5 0
5 0
5 0
5 0
5 0
5 0
5 0
5 0
5 0
5 0
5 0
5 0
5 0
5 0
5 0
5 0
5 0
5 0
5 0
5 0
5 0
5 0
5 0
5 0
5 0
5 0
5 0
5 0
5 0
5 0
5 0
2 200
3 5
7 3 2 9 8
10 1 7
6 2 1 8
9 1 6
8 1 9
6 0
6 0
7 1 8
5 2 6 4
1 1 4
6 5 4 10 3 1 8
9 2 4 4
7 5 10 9 3 8 6
7 1 5
2 4 1 3 6 2
2 0
1 2 10 2
5 2 4 9
3 1 6
9 2 6 1
1 0
9 1 4
9 0
5 0
6 0
4 3 5 10 8
9 0
8 2 1 1
10 3 3 8 9
1 1 3
1 2 10 6
8 1 3
3 2 6 5
8 1 10
6 2 7 5
10 0
4 1 3
3 1 9
9 1 6
8 3 2 7 7
4 2 4 6
6 3 2 9 4
7 0
2 1 8
2 1 6
10 1 1
3 5 8 4 4 6 7
2 2 5 8
4 1 8
6 1 4
3 3 3 4 4
4 1 9
6 1 9
1 4 10 5 7 10
1 3 6 3 3
1 2 10 10
4 1 9
9 1 1
8 3 1 3 3
5 1 9
2 2 8 10
8 1 9
2 1 3
4 0
8 0
9 2 7 3
5 1 2
1 1 9
2 1 9
5 0
10 3 6 7 3
7 1 3
1 1 5
6 0
8 0
4 1 3
5 1 5
3 1 1
8 2 7 3
10 0
10 2 8 3
10 2 9 1
4 1 10
5 3 3 8 8
2 0
6 5 8 7 3 6 10
5 1 7
7 2 7 8
6 3 10 6 10
2 3 2 6 5
2 0
7 6 8 7 6 8 7 5
2 3 5 1 10
3 1 10
2 0
9 1 10
4 1 9
9 1 6
1 2 3 7
5 2 9 6
3 4 5 8 4 8
10 0
3 4 8 9 3 7
5 3 2 4 9
8 0
10 2 8 10
9 0
4 0
4 4 8 3 10 6
6 1 6
4 2 10 6
3 1 5
7 1 7
9 1 3
7 1 3
8 0
6 1 6
3 1 3
4 1 6
1 2 4 5
5 2 4 8
7 1 10
10 1 7
8 2 8 3
2 2 6 7
3 4 10 1 7 9
6 1 4
5 3 1 2 7
1 1 7
8 3 2 1 6
1 2 1 2
6 0
7 1 9
3 1 6
10 1 2
6 3 6 5 3
4 1 9
10 1 7
10 1 3
8 2 10 4
7 0
5 1 3
10 0
3 0
5 0
9 1 6
2 2 7 10
2 6 10 1 7 6 2 1
1 0
6 2 1 4
2 0
7 1 1
4 3 4 1 6
3 2 4 2
4 4 7 8 3 10
5 0
6 1 10
9 1 7
1 0
6 1 6
6 1 1
1 0
1 2 4 6
5 1 3
5 1 6
3 1 8
10 1 3
9 2 6 7
4 3 8 2 4
1 1 2
6 4 10 8 3 4
1 1 5
7 2 10 5
7 1 6
3 0
3 0
7 2 2 6
5 2 7 8
4 4 4 4 4 2
8 1 5
2 1 3
8 2 5 9
4 1 3
5 2 7 3
10 1 9
8 0
2 2 7 10
5 3 8 1 5
8 5 3 2 9 2 2
2 0
1 3 9 7 6
6 0
5 0
3 0
2 1 8
9 3 10 1 9
7 2 10 9
3 1 6
7 1 1
1 1 6
3 200
4 17 6
11 4 5 8 4 20
5 1 4
21 0
10 1 19
2 1 17
4 2 14 8
8 1 10
16 1 19
6 4 9 7 11 20
20 3 11 5 12
3 3 16 14 13
15 2 1 9
8 2 2 20
5 2 7 17
15 2 11 14
2 3 3 12 3
2 5 10 17 6 16 22
7 0
20 1 18
21 4 15 2 7 6
10 1 5
12 1 17
6 3 3 5 1
10 4 19 1 2 9
15 1 20
7 3 12 18 8
16 4 9 14 18 6
11 6 15 2 2 13 4 3
11 2 20 15
4 0
13 1 12
19 2 16 20
6 0
11 3 5 11 1
7 0
6 2 17 18
14 5 15 22 15 6 18
14 1 1
21 1 1
19 2 10 16
9 3 14 22 7
2 1 11
10 2 2 20
17 3 21 11 7
4 6 9 17 1 21 3 22
22 0
16 1 12
6 2 12 1
6 1 20
13 5 13 8 1 20 3
2 2 5 16
14 2 2 7
22 0
5 0
21 2 17 2
12 4 13 22 2 20
11 3 17 15 9
14 0
20 5 14 13 7 3 22
19 1 17
16 0
10 1 5
15 4 21 3 20 2
21 2 15 16
20 3 2 5 15
21 0
2 3 11 8 1
10 2 7 11
10 0
1 3 20 1 17
4 2 9 1
19 2 21 8
22 2 13 7
13 1 1
11 1 12
3 1 1
12 0
4 2 15 9
6 4 21 16 20 11
16 1 10
14 2 4 18
7 0
5 2 6 4
11 3 13 3 12
11 1 20
3 2 12 17
20 3 21 19 5
19 1 16
17 3 13 2 18
17 1 18
15 1 13
10 0
3 0
6 2 19 8
6 3 22 9 14
22 2 13 5
4 3 6 19 6
8 0
7 2 17 20
12 0
6 3 7 1 9
11 1 2
6 2 4 4
5 2 18 14
1 1 10
16 2 14 18
5 1 13
13 1 5
17 1 3
9 2 12 19
4 4 3 17 11 13
6 1 12
15 2 19 13
8 1 17
16 1 7
2 3 18 10 15
10 4 3 8 16 5
11 1 18
18 1 4
4 0
5 3 19 8 22
9 4 11 4 14 19
11 1 15
7 1 10
14 2 18 3
17 2 2 6
5 0
15 2 16 1
2 0
9 4 14 21 18 5
4 1 10
7 2 14 11
19 0
9 2 9 11
9 0
20 3 8 3 22
22 3 21 14 20
11 1 14
8 1 20
16 1 14
19 1 19
9 3 5 5 20
19 2 10 21
10 2 4 19
16 0
12 4 20 13 9 6
9 2 6 12
3 0
20 2 5 12
2 2 9 15
5 1 6
3 1 9
10 3 18 16 4
15 2 22 5
7 2 18 3
1 2 1 1
9 3 2 16 15
9 3 1 16 15
14 1 2
8 1 5
18 0
17 1 4
12 1 3
14 3 20 14 21
2 2 2 19
18 1 15
9 2 6 6
21 1 1
7 1 16
14 2 16 13
15 2 16 1
1 5 20 14 21 19 21
22 2 10 1
11 1 9
8 2 22 13
13 2 20 11
21 3 17 12 12
14 1 16
14 1 9
18 6 19 21 8 21 10 18
16 1 20
18 1 12
18 1 17
1 3 2 16 9
8 3 17 3 18
1 0
22 2 1 4
15 1 5
7 1 9
13 5 17 3 17 8 8
22 3 14 6 9
2 2 8 6
5 3 21 1 2
12 1 7
14 3 19 18 1
6 0
5 0
20 0
5 0
11 1 16
2 200
2 8
12 1 6
10 1 3
12 2 7 8
2 2 6 6
13 0
1 3 10 15 6
15 0
4 4 4 13 13 3
13 0
4 0
4 1 9
8 1 4
11 5 10 4 9 15 4
3 2 14 15
10 3 10 4 10
13 0
15 1 11
12 1 13
9 6 13 5 3 7 2 6
11 1 13
7 2 5 4
3 2 8 11
5 2 7 11
15 1 15
13 0
13 3 9 11 9
14 0
5 1 13
13 1 15
10 0
13 0
9 3 1 4 15
11 2 3 6
2 5 13 14 15 14 14
2 2 9 7
8 6 2 4 7 1 3 14
2 4 11 10 15 7
9 1 9
4 1 2
14 0
12 3 6 1 8
14 1 8
14 4 6 5 7 10
7 1 13
1 2 11 9
15 3 12 13 15
11 2 2 8
15 2 11 2
4 1 14
4 1 1
3 3 13 1 7
10 2 15 13
14 1 3
14 3 1 15 14
9 1 1
11 2 11 8
11 3 12 2 4
14 3 3 8 14
7 5 6 10 11 3 7
8 5 1 13 8 15 2
1 1 5
5 1 9
1 1 9
11 3 10 4 15
6 2 5 9
3 1 12
11 0
7 2 1 10
11 3 3 8 7
14 1 15
12 1 6
14 4 6 3 2 1
12 3 9 6 3
10 2 8 9
6 3 8 10 12
4 1 11
10 1 2
8 2 6 7
10 2 15 1
5 3 13 6 10
12 1 8
12 1 4
14 1 15
10 1 6
10 2 15 15
15 1 12
12 2 12 10
13 3 1 10 14
5 0
3 2 14 8
5 1 12
5 1 9
7 4 2 14 5 3
13 1 8
1 2 8 13
4 0
7 3 9 12 8
11 3 2 5 7
10 2 7 15
9 1 12
9 2 11 15
7 0
7 1 4
12 0
8 4 6 15 6 9
4 1 3
7 0
9 3 2 11 3
12 1 11
1 1 4
13 1 12
8 1 11
5 1 7
12 2 2 4
9 3 12 12 13
14 1 11
3 5 14 11 10 12 10
5 0
11 2 9 2
7 1 4
14 1 11
8 2 12 15
12 1 4
13 4 1 10 9 9
5 1 13
12 3 2 4 4
1 0
11 1 1
14 1 11
11 2 5 7
4 1 5
14 1 5
9 0
10 1 6
10 1 4
1 0
6 3 11 14 3
1 0
2 5 2 13 7 10 9
2 3 12 15 14
8 1 13
14 0
9 2 7 6
12 1 15
2 1 2
9 0
3 3 9 15 10
4 1 1
5 3 10 14 1
5 3 5 10 5
3 2 8 9
3 4 9 14 5 10
12 2 14 11
14 3 2 9 4
15 3 10 5 1
8 2 5 12
2 0
1 0
10 1 15
15 1 10
3 1 8
5 3 15 4 5
13 1 8
11 2 3 15
7 2 4 1
14 0
3 1 1
12 3 5 1 2
6 1 11
4 3 6 6 8
13 2 4 11
13 0
3 0
6 3 14 6 4
2 2 12 15
4 2 14 2
6 1 2
4 2 7 9
15 2 11 8
10 3 6 9 12
8 1 4
2 1 11
12 0
5 2 1 6
7 2 4 11
12 2 10 5
4 2 11 9
8 3 13 8 12
4 1 1
14 0
14 1 6
6 1 10
3 0
3 1 14
8 0
9 1 14
1 0
10 3 7 11 8
5 0
13 2 10 2
