25
2 13
2 2
2 1 2
2 0
2 0
2 3 2 2 2
2 1 2
2 0
2 2 2 2
2 0
2 1 2
2 0
2 1 2
2 0
2 1 2
4 20
1 3 3 3
1 3 2 1 1
1 0
1 1 1
3 1 1
3 1 1
3 0
1 4 2 2 1 1
3 2 2 3
3 1 1
3 3 2 2 2
2 1 1
3 4 1 2 2 1
2 2 2 2
2 2 2 2
1 1 1
3 1 3
1 2 1 2
1 3 1 1 3
1 3 1 1 2
3 1 1
5 10
6 2 4 6 6
5 3 1 2 4
5 1 5
5 1 5
5 3 2 5 4
1 2 4 2
2 5 2 4 3 3 6
4 3 4 4 2
2 1 6
3 2 5 4
4 2 2 2
4 20
2 2 2 1
2 2 3 2
1 2 1 3
3 1 3
1 0
3 3 3 2 2
1 0
3 3 2 2 2
3 0
2 0
3 1 1
3 2 2 2
1 1 3
2 1 2
2 2 2 1
1 2 1 1
1 0
1 1 3
2 3 3 2 3
3 0
3 2 3 2
3 10
2 2 1
1 1 1
1 2 2 2
1 1 1
2 0
2 1 2
1 3 2 1 2
1 3 2 1 2
1 0
2 2 2 2
2 1 1
1 20
18
12 1 4
14 1 12
13 1 14
2 1 13
17 1 2
1 2 16 17
5 1 1
9 2 12 5
4 1 9
19 2 18 4
16 1 19
3 1 16
20 2 6 3
10 1 20
7 2 19 10
6 1 7
11 3 5 8 6
8 1 11
15 1 8
18 3 13 16 15
4 20
1 1 1 3
1 3 3 3 1
1 0
1 3 1 1 4
1 3 3 1 3
4 2 3 1
1 0
4 2 1 3
3 0
2 3 1 1 3
1 2 2 4
2 1 2
1 1 3
3 1 3
2 2 3 1
4 3 1 2 1
4 1 1
2 1 1
3 4 1 1 2 2
4 3 1 3 1
1 1 4
3 20
1 2 3
2 2 3 1
2 0
3 2 2 3
1 2 3 2
3 0
1 3 2 3 1
2 2 1 3
3 0
2 2 1 1
3 0
3 1 1
1 1 1
2 1 3
3 0
3 2 3 2
2 1 3
3 2 2 1
3 2 3 3
2 1 2
2 3 1 1 1
23 5
4 2 3 3 2 3 3 1 1 4 1 2 3 3 3 3 1 4 3 4 3 4 3
2 3 3 4 4
3 1 3
1 1 3
4 1 3
2 0
2 9
13 13
13 0
13 2 13 13
13 1 13
13 0
13 1 13
13 0
13 1 13
13 1 13
13 1 13
1 1
2
1 1 1
1 1
2
2 0
3 15
3 3 3
2 3 2 3 3
2 0
3 2 3 3
3 1 2
1 0
3 0
3 1 1
3 0
3 1 1
3 0
3 0
1 1 2
2 0
3 2 3 3
2 0
1 20
2
3 1 1
2 0
2 0
3 2 4 2
1 1 1
4 1 3
4 3 2 4 3
4 3 3 4 4
2 0
1 0
3 2 1 2
1 0
4 0
4 2 3 1
2 1 1
3 1 4
1 0
4 3 2 3 2
4 2 3 4
1 1 4
10 20
1 2 3 4 5 6 7 8 9 10
10 0
8 1 8
5 1 5
6 1 6
1 0
7 1 7
8 0
1 1 1
3 0
9 1 9
3 1 3
4 1 4
10 1 10
2 1 2
9 0
2 0
5 0
4 0
7 0
6 0
3 20
8 15 20
4 1 2
5 2 9 8
7 2 8 13
3 4 13 9 13 12
9 1 10
18 1 14
17 3 16 13 14
20 4 10 4 17 4
19 1 9
16 1 1
13 2 11 6
14 1 18
12 1 17
15 2 9 7
11 1 5
10 1 3
1 1 20
8 4 16 3 14 19
6 2 9 16
2 2 14 11
1 15
3
3 1 3
1 2 2 2
2 1 1
3 1 2
2 0
1 0
2 2 1 2
2 0
2 0
1 2 1 2
3 2 3 3
1 4 3 1 1 1
3 0
3 3 2 1 3
3 0
1 1
2
2 3 1 2 3
3 5
2 2 2
1 2 1 2
1 1 2
1 0
2 2 1 1
2 1 1
3 3
1 1 1
1 0
1 0
1 0
1 1
2
1 3 1 2 3
3 19
1 1 1
1 0
1 0
1 0
1 0
1 0
1 0
1 1 1
1 1 1
1 1 1
1 1 1
1 1 1
1 1 1
1 1 1
1 1 1
1 1 1
1 2 1 1
1 2 1 1
1 2 1 1
1 2 1 1
20 15
5 3 4 1 3 4 1 4 3 2 4 5 5 2 1 4 3 3 4 2
1 0
2 1 1
5 1 1
2 2 1 5
3 0
3 1 4
2 1 4
1 2 2 2
1 0
5 2 2 4
1 1 4
2 1 2
5 4 4 3 5 4
4 2 5 2
3 2 1 5
1 4
1
1 0
1 2 1 3
2 0
3 1 2
1 2
2
2 0
2 1 2
