25
1 1
2
2 3 1 2 3
4 10
1 2 5 3
2 5 4 3 4 2 5
2 2 4 4
6 0
3 3 6 2 6
3 2 4 3
2 1 4
3 3 6 6 1
6 2 6 6
1 2 2 3
1 1 6
1 20
13
6 4 6 18 17 5
1 2 20 3
19 1 12
9 5 3 5 7 14 9
17 4 10 10 5 16
2 2 5 8
12 2 20 6
11 1 1
5 2 6 7
16 1 10
14 1 9
7 1 19
10 1 2
8 2 9 20
15 1 6
20 2 11 18
4 1 11
3 2 4 15
13 2 20 14
18 2 8 4
1 2
2
2 0
2 1 2
4 20
2 1 1 4
2 2 1 3
3 0
4 3 2 4 1
3 3 3 3 4
3 3 4 4 2
3 1 2
2 3 1 3 4
3 2 2 4
1 0
2 1 2
3 1 4
3 2 1 3
3 3 3 1 1
3 2 2 1
1 1 4
2 2 4 4
4 4 4 4 3 4
3 1 1
2 2 3 1
1 0
1 1
2
1 1 1
2 20
17 14
13 1 16
20 1 13
6 2 11 20
8 1 6
2 1 8
5 1 2
9 1 5
11 3 11 9 4
18 1 11
10 1 18
1 2 18 10
7 1 1
4 2 13 7
16 1 4
17 1 16
3 1 17
19 3 15 12 3
12 1 19
15 2 17 12
14 1 15
3 20
2 3 2
1 1 2
3 0
1 1 1
2 1 2
3 3 3 2 2
1 4 1 1 2 3
3 1 3
1 1 3
3 1 3
1 1 3
3 3 3 1 1
2 1 2
2 2 2 1
3 0
3 1 3
2 1 1
2 0
1 1 2
1 4 1 3 3 2
1 0
3 3
1 1 1
1 0
1 0
1 0
2 20
1 3
1 1 1
3 3 4 2 3
1 0
3 2 2 1
2 0
4 2 4 4
2 2 3 4
4 1 2
4 2 4 4
4 2 3 1
1 1 3
3 2 2 2
4 1 3
2 1 1
3 1 1
2 3 3 3 2
2 1 3
4 0
2 1 2
2 0
1 4
1
1 0
1 2 1 3
2 0
3 1 2
2 9
13 13
13 1 13
13 2 13 13
13 0
13 0
13 1 13
13 0
13 1 13
13 1 13
13 1 13
3 19
1 1 1
1 0
1 0
1 0
1 0
1 0
1 0
1 1 1
1 1 1
1 1 1
1 1 1
1 1 1
1 1 1
1 1 1
1 1 1
1 1 1
1 2 1 1
1 2 1 1
1 2 1 1
1 2 1 1
3 5
2 2 2
1 1 2
1 1 1
1 0
2 2 1 2
1 2 1 1
3 20
1 1 1
1 2 3 3
1 5 1 3 1 1 3
3 0
1 0
2 2 2 3
3 1 1
1 1 3
3 2 1 1
1 0
1 0
1 1 3
3 1 3
2 2 1 3
3 0
2 0
3 1 1
3 0
1 0
3 4 2 1 3 1
2 2 2 1
3 10
1 1 2
1 1 1
2 1 2
2 1 2
1 1 1
1 1 2
2 3 1 2 2
2 1 2
1 3 2 1 1
2 0
1 2 1 2
1 15
1
3 2 2 2
3 0
1 3 3 3 2
2 0
2 1 1
1 2 2 3
1 1 2
1 2 1 1
2 2 3 2
2 0
3 0
3 1 2
3 2 1 2
1 0
1 2 1 2
10 20
1 2 3 4 5 6 7 8 9 10
9 1 9
5 0
3 0
8 0
1 1 1
2 1 2
1 0
9 0
7 1 7
6 1 6
4 0
10 0
3 1 3
7 0
5 1 5
6 0
8 1 8
10 1 10
4 1 4
2 0
20 15
3 2 2 3 1 4 4 2 2 2 2 5 2 5 3 2 4 2 1 2
1 2 1 2
4 1 5
2 3 4 1 3
4 0
2 2 3 1
3 1 3
3 0
5 2 3 4
4 0
3 0
4 1 5
3 2 1 5
4 2 1 3
5 3 1 2 4
1 1 1
1 1
2
2 0
23 5
1 4 1 4 2 3 1 2 2 2 2 2 2 4 4 3 4 4 3 2 3 1 4
2 1 1
1 0
1 1 2
3 2 1 4
4 2 2 4
1 1
2
1 3 1 2 3
1 20
3
2 0
3 0
3 2 2 2
2 1 3
3 1 1
2 1 1
2 0
1 1 2
1 4 3 3 1 2
3 1 2
3 0
2 1 1
2 0
3 0
2 1 3
2 2 2 2
3 2 3 2
2 2 3 2
2 0
1 1 2
2 15
1 1
2 1 3
1 1 2
3 3 2 1 1
3 1 2
2 4 1 1 1 1
1 2 1 2
2 0
2 2 3 2
1 3 1 2 1
3 1 2
2 2 2 1
1 1 1
2 1 3
2 0
2 1 3
2 13
2 2
2 1 2
2 1 2
2 0
2 0
2 3 2 2 2
2 2 2 2
2 1 2
2 0
2 1 2
2 1 2
2 0
2 0
2 0
