Lösungen:
3 points 	1.25 	(0,0), (0,1), (1,2)
4 points  2.5  	(0,0), (0,1), (2,2), (3,1)
5 points 	5 	(0,0), (0,1), (2,0), (3,3), (4,2)
6 points  9.28200692041523  	(0,1), (0,3), (0,4), (2,6), (3,0), (4,5)
7 points 	12.8125 	(0,2), (0,3), (2,3), (2,6), (5,0), (6,3), (7,2)
8 points 	19.234693877551 	(0,0), (0,3), (1,1), (5,0), (6,5), (6,6), (8,1), (8,3)
9 points  	26.6919420552286  	(0,2), (0,6), (1,1), (3,0), (3,3), (4,10), (5,10), (7,2), (9,7)


10 points 	35.15.. 	(10,5), (14,6), (14,7), (16,9), (5,13), (8,13), (16,13), (6,14), (11,14), (11,16)
11 points  	48.5  	(0,3), (0,7), (2,4), (3,0), (6,12), (7,12), (9,6), (9,12), (10,7), (12,2), (13,8)
12 points  	68.9047481737793  	(0,4), (0,6), (0,7), (1,2), (1,13), (3,9), (6,0), (8,2), (11,15), (12,14), (15,6), (15,10)
13 points 	91.2750679161198 	(0,1), (0,2), (0,4), (0,11), (3,16), (5,15), (8,14), (10,8), (12,0), (12,11), (13,15), (14,2), (16,9)

14 points 	109 	(0,3), (1,1), (1,11), (2,12), (4,4), (6,0), (10,0), (10,16), (11,3), (13,16), (16,5), (18,3), (19,3), (20,9)
15 points 	139.69 	(0,4), (0,5), (0,7), (0,12), (3,14), (4,3), (5,21), (6,15), (6,19), (7,0), (8,9), (18,2), (18,19), (19,14), (20,4)

16 points 	174.383656509695 	(0,5), (0,6), (0,8), (0,14), (2,9), (3,22), (4,21), (6,0), (6,4), (7,14), (10,1), (10,24), (19,21), (21,5), (22,16), (24,8)

17 points  	205.412920825842  	(0,6), (1,8), (2,23), (3,12), (5,5), (8,0), (12,0), (14,0), (15,0), (16,26), (17,27), (19,6), (20,2), (22,4), (22,16), (25,7), (25,15)

18 points  	256.283462224866  	(0,3), (1,22), (2,16), (3,6), (7,26), (11,2), (16,18), (18,0), (19,23), (22,2), (23,22), (24,24), (25,3), (26,16), (28,7), (28,11), (28,13), (28,14)

19 points  	315.924555828613  	(0,3), (2,1), (2,24), (5,20), (6,0), (7,2), (8,29), (12,0), (14,0), (15,0), (16,6), (19,4), (21,14), (23,29), (27,8), (29,4), (29,22), (30,5), (30,19)
20 points 	437.823623370528 	(0,3), (2,1), (2,24), (5,20), (6,0), (7,2), (8,29), (11,39), (12,0), (14,0), (15,0), (16,6), (19,4), (21,14), (23,29), (27,8), (29,4), (29,22), (30,5), (30,19)
21 points 550,058893028687  (1,23), (1,24), (1,26), (1,30), (1,35), (15,42), (21,39), (21,24), (5,22), (2,37), (14,41), (20,34), (5,40), (18,32), (7,34), (12,9), (13,6), (26,9), (18,0), (44,26), (37,6)
22 points 594,950376828497  (1,23), (1,24), (1,26), (1,30), (1,35), (15,42), (21,39), (21,24), (5,22), (2,37), (14,41), (20,34), (5,40), (18,32), (7,34), (12,9), (13,6), (26,9), (18,0), (44,26), (37,6), (47,24)
23 points 722,226930836366  (36,6), (37,6), (39,6), (43,6), (48,6), (46,7), (46,15), (50,16), (44,18), (37,20), (52,20), (39,22), (45,23), (47,28), (33,0), (20,16), (24,31), (16,24), (28,41), (39,46), (3,21), (9,42), (0,18)
24 points 	823.601565801915 	(0,10), (7,32), (7,47), (9,40), (9,45), (11,28), (12,27), (16,52), (17,52), (19,32), (19,52), (22,49), (23,16), (23,52), (24,46), (25,0), (25,26), (28,51), (32,45), (33,43), (42,16), (47,37), (51,25), (53,20)
25 points 	918.361069465869 	(0,18), (0,23), (0,27), (0,29), (0,30), (1,40), (2,15), (2,36), (3,38), (5,33), (6,19), (12,13), (18,38), (19,23), (22,16), (24,53), (27,23), (27,39), (30,56), (34,8), (38,34), (39,0), (44,16), (49,48), (59,27)
26 points 	970.7790625 	(0,0), (0,5), (0,17), (0,21), (0,23), (0,24), (1,9), (1,34), (1,43), (2,27), (2,40), (4,48), (5,49), (7,31), (11,21), (15,5), (21,37), (24,44), (30,3), (32,49), (35,39), (42,10), (42,41), (43,5), (48,36), (50,10)
27 points 1192,86703601108  (48,9), (49,9), (51,9), (55,9), (56,12), (62,14), (58,15), (63,21), (62,23), (54,24), (49,25), (60,25), (59,26), (37,18), (35,25), (39,35), (57,41), (44,44), (48,50), (18,30), (43,58), (25,55), (27,0), (8,43), (5,13), (0,41), (5,53)

--------------------------------------------------------------------------------
///10///


55,25  (5,0), (6,0), (8,0), (0,1), (2,2), (1,5), (8,8), (9,9), (4,11), (11,11)

46,6322314049586  (5,0), (6,0), (8,0), (10,2), (2,3), (9,5), (3,9), (2,10), (0,11), (9,11)

46,3781163434903  (5,0), (6,0), (8,0), (10,2), (3,3), (0,4), (6,9), (1,10), (0,11), (5,11)

46,25  (5,0), (6,0), (9,0), (4,2), (1,3), (11,4), (4,9), (0,10), (9,10), (1,11)

45,25  (5,0), (6,0), (10,0), (0,1), (9,2), (10,6), (1,8), (3,8), (0,9), (6,11)

39,25  (5,0), (6,0), (10,0), (11,2), (1,6), (3,8), (10,8), (3,10), (4,11), (10,11)

37,7334561768947  (5,0), (6,0), (1,1), (1,3), (8,3), (11,4), (0,9), (6,9), (5,11), (8,11)

37,7334561768947  (5,0), (6,0), (10,1), (3,3), (10,3), (0,4), (5,9), (11,9), (3,11), (6,11)

37,6978270710728  (5,0), (6,0), (0,2), (3,2), (6,5), (10,9), (0,10), (9,10), (2,11), (6,11)

36,5  (5,0), (8,0), (9,0), (8,2), (4,4), (10,7), (1,8), (3,10), (9,10), (4,11)

35,1530612244897  (5,0), (9,1), (9,2), (11,4), (0,8), (3,8), (11,8), (1,9), (6,9), (6,11)

50  (4,0), (5,0), (7,0), (1,1), (2,6), (11,7), (9,8), (4,10), (5,11), (11,11)

40,5246913580246  (4,0), (5,0), (7,0), (10,1), (7,4), (2,6), (11,8), (10,9), (1,10), (9,11)

40,0141968631692  (4,0), (5,0), (8,0), (2,2), (4,6), (11,6), (0,7), (7,10), (8,11), (10,11)

39,25  (4,0), (5,0), (9,0), (10,2), (0,6), (2,8), (9,8), (2,10), (3,11), (9,11)

37,4704142011834  (4,0), (5,0), (11,0), (9,1), (1,4), (1,7), (3,7), (5,9), (9,9), (6,10)

36,5  (4,0), (7,0), (8,0), (7,2), (3,4), (9,7), (0,8), (2,10), (8,10), (3,11)

35,1530612244897  (4,0), (8,0), (1,2), (2,2), (9,5), (11,5), (0,6), (8,8), (9,10), (8,11)

56,6998810232004  (4,0), (5,0), (7,0), (11,0), (0,1), (1,2), (12,2), (11,5), (5,9), (2,12)

55,25  (4,0), (5,0), (7,0), (11,0), (0,1), (10,2), (7,8), (1,9), (0,10), (4,12)

50,8506944444444  (4,0), (5,0), (7,0), (11,0), (0,1), (1,3), (12,8), (0,9), (3,10), (7,12)

43,8347219996795  (4,0), (5,0), (7,0), (11,0), (10,1), (3,4), (0,6), (12,8), (10,9), (4,11)

43,7345679012345  (4,0), (5,0), (7,0), (11,0), (1,3), (2,5), (11,8), (3,10), (4,11), (7,12)

42,5252825698988  (4,0), (5,0), (7,0), (1,1), (11,2), (9,3), (11,8), (0,9), (4,9), (7,12)

42,25  (4,0), (5,0), (7,0), (1,1), (2,3), (4,7), (9,8), (10,9), (0,10), (2,12)

40,579498352641  (4,0), (5,0), (7,0), (2,1), (7,4), (9,6), (12,8), (2,9), (1,10), (8,12)

40,5246913580246  (4,0), (5,0), (7,0), (10,1), (7,4), (2,6), (11,8), (10,9), (1,10), (9,11)

39,6077504725897  (4,0), (5,0), (7,0), (2,2), (11,2), (1,4), (2,8), (8,9), (12,9), (7,12)

39,0895061728395  (4,0), (5,0), (7,0), (11,3), (3,5), (1,8), (2,9), (11,10), (4,11), (7,12)

36,5  (4,0), (5,0), (8,0), (5,2), (9,4), (3,7), (12,8), (4,10), (10,10), (9,11)

35,1530612244897  (4,0), (8,0), (1,2), (2,2), (9,5), (11,5), (0,6), (8,8), (9,10), (8,11)

35,1530612244897  (4,0), (8,0), (10,2), (11,2), (1,5), (3,5), (12,6), (4,8), (3,10), (4,11)

///11///
(0,0), (1,0), (3,0), (7,0), (10,1), (6,2), (0,5), (9,9), (1,11), (3,13), (13,13)

(0,0), (1,0), (3,0), (7,0), (13,1), (10,4), (8,7), (11,8), (0,9), (13,9), (7,12)

(0,0), (1,0), (3,0), (9,1), (12,3), (10,5), (0,7), (11,8), (12,9), (3,13), (8,13)

(0,0), (1,0), (3,0), (4,2), (10,3), (1,7), (11,7), (0,12), (5,12), (9,12), (8,13)

(0,0), (1,0), (7,0), (6,1), (2,2), (12,4), (12,7), (8,10), (10,10), (3,13), (7,13)

(0,0), (1,0), (12,0), (3,2), (13,2), (3,5), (0,6), (0,8), (12,9), (11,10), (5,12)

(0,0), (1,0), (12,0), (12,2), (13,3), (7,6), (10,6), (12,8), (0,9), (5,9), (11,10)


----

(14,12), (14,11), (14,9), (14,5), (14,0), (1,2), (6,13), (4,1), (2,4), (9,2), (8,3)

(14,12), (14,11), (14,9), (14,5), (12,0), (3,0), (8,13), (2,4), (3,12), (4,2), (7,4)

(14,12), (14,11), (14,9), (14,5), (10,0), (1,3), (1,12), (6,13), (3,6), (9,3), (7,4)

(14,12), (14,11), (14,9), (14,4), (4,0), (1,6), (8,13), (12,13), (2,5), (3,9), (9,3)

(14,12), (14,11), (14,9), (14,3), (1,5), (9,13), (4,1), (2,2), (2,9), (12,5), (3,8)

(14,12), (14,11), (14,9), (14,3), (1,8), (9,13), (8,1), (4,1), (10,2), (5,2), (7,11)

(14,12), (14,11), (14,8), (14,3), (1,5), (11,13), (2,9), (4,2), (3,11), (8,4), (6,4)

(14,12), (14,11), (14,8), (14,3), (1,6), (7,1), (2,9), (5,2), (3,2), (3,8), (11,6)

(14,12), (14,11), (14,7), (1,5), (1,7), (13,13), (13,3), (8,2), (5,3), (4,10), (8,5)

(14,12), (14,11), (10,0), (4,13), (9,13), (12,13), (2,6), (2,10), (10,2), (4,2), (5,9)

-----
&"warning: 91,25  (5,0), (6,0), (8,0), (12,0), (0,1), (1,2), (8,8), (11,9), (12,11), (5,14), (14,14)\n"

&"warning: 85  (5,0), (6,0), (8,0), (12,0), (0,1), (3,2), (12,5), (1,8), (0,12), (14,13), (12,14)\n"

&"warning: 84,5118343195266  (5,0), (6,0), (8,0), (12,0), (0,1), (13,2), (3,4), (6,9), (4,11), (0,12), (13,14)\n"

&"warning: 69,0455166816181  (5,0), (6,0), (8,0), (12,0), (0,1), (14,2), (13,3), (11,4), (6,10), (1,12), (8,14)\n"

&"warning: 66,7100694444444  (5,0), (6,0), (8,0), (12,0), (0,1), (1,3), (14,3), (0,10), (1,11), (12,12), (3,13)\n"

&"warning: 65,6931108062795  (5,0), (6,0), (8,0), (12,0), (0,1), (3,6), (12,8), (4,10), (5,11), (8,13), (6,14)\n"

&"warning: 63,5459533607681  (5,0), (6,0), (8,0), (12,0), (1,1), (14,2), (2,3), (13,8), (12,9), (3,12), (8,14)\n"

&"warning: 58,6904536862003  (5,0), (6,0), (8,0), (12,0), (2,1), (3,2), (0,8), (5,8), (1,10), (11,12), (4,13)\n"

&"warning: 58,4597  (5,0), (6,0), (8,0), (12,0), (13,1), (11,3), (14,7), (0,9), (4,10), (8,12), (6,13)\n"

&"warning: 56,2673130193905  (5,0), (6,0), (8,0), (12,0), (13,2), (2,3), (1,8), (8,9), (14,10), (2,11), (3,12)\n"

&"warning: 56,0851210864731  (5,0), (6,0), (8,0), (13,0), (0,3), (1,4), (14,4), (0,7), (2,10), (11,11), (6,12)\n"

&"warning: 55,8996225867324  (5,0), (6,0), (8,0), (14,0), (2,7), (9,9), (3,10), (14,10), (13,11), (6,12), (8,13)\n"

&"warning: 55,4780023781212  (5,0), (6,0), (8,0), (0,1), (10,8), (3,9), (12,9), (0,11), (9,12), (6,13), (5,14)\n"

&"warning: 53,8703923900118  (5,0), (6,0), (8,0), (4,1), (13,3), (2,6), (4,8), (14,9), (13,12), (4,13), (9,14)\n"

&"warning: 53,4179338842975  (5,0), (6,0), (8,0), (10,2), (9,7), (2,9), (4,10), (13,10), (1,12), (10,13), (9,14)\n"

&"warning: 53,1791508923742  (5,0), (6,0), (8,0), (4,3), (6,4), (13,4), (11,6), (1,11), (11,12), (10,13), (4,14)\n"

&"warning: 52,05078125  (5,0), (6,0), (9,0), (3,1), (11,2), (2,5), (3,10), (13,10), (2,11), (9,13), (11,13)\n"

&"warning: 49,5902777777777  (5,0), (6,0), (9,0), (10,2), (13,4), (2,5), (11,6), (2,10), (2,12), (11,12), (8,13)\n"

&"warning: 48,8173174626215  (5,0), (6,0), (10,0), (1,5), (10,8), (13,8), (4,10), (13,10), (7,11), (6,12), (12,12)\n"

&"warning: 48,6678200692041  (5,0), (6,0), (6,2), (2,4), (11,4), (12,5), (1,10), (13,10), (3,12), (6,13), (10,13)\n"

&"warning: 48,5  (5,0), (7,0), (8,0), (1,4), (4,5), (14,5), (5,6), (12,8), (14,9), (2,10), (11,12)

...??????

//12//

(0,0), (1,0), (3,0), (7,0), (12,0), (11,1), (9,5), (15,7), (14,9), (1,13), (3,15), (13,15)

(0,0), (1,0), (3,0), (7,0), (12,0), (9,2), (14,5), (11,6), (15,7), (1,13), (11,14), (12,15)

(0,0), (1,0), (3,0), (7,0), (12,0), (15,2), (13,4), (10,9), (15,10), (14,13), (8,14), (7,15)

(0,0), (1,0), (3,0), (7,0), (10,1), (13,6), (3,8), (10,10), (6,11), (12,14), (0,15), (11,15)

(0,0), (1,0), (3,0), (7,0), (10,1), (14,6), (7,10), (12,11), (8,12), (13,12), (1,15), (10,15)

(0,0), (1,0), (3,0), (7,0), (12,1), (10,3), (11,4), (13,8), (12,10), (0,13), (3,15), (8,15)

(0,0), (1,0), (3,0), (8,0), (15,2), (9,4), (13,4), (0,10), (14,10), (3,11), (12,11), (8,13)


&"warning: 85  (5,0), (6,0), (8,0), (14,0), (3,4), (9,9), (0,11), (1,12), (8,12), (13,13), (2,14), (6,14)\n"

&"warning: 74,9030612244897  (5,0), (6,0), (9,0), (10,1), (4,3), (12,3), (0,5), (12,8), (5,12), (0,14), (6,14), (13,14)\n"

&"warning: 70,096712149804  (5,0), (6,0), (10,0), (12,0), (13,2), (14,5), (7,6), (3,10), (1,12), (14,13), (10,14), (13,14)\n"

--
(16,14), (16,13), (16,11), (16,7), (16,2), (14,0), (1,11), (6,15), (3,14), (4,3), (10,4), (9,6)

(16,14), (16,13), (16,11), (16,7), (16,2), (12,0), (1,7), (4,15), (2,5), (13,4), (11,6), (10,5)

(16,14), (16,13), (16,11), (16,7), (13,0), (1,8), (11,15), (15,1), (2,5), (4,2), (4,11), (11,4)

(16,14), (16,13), (16,11), (16,7), (11,0), (1,8), (11,15), (2,4), (3,14), (4,7), (7,4), (8,5)

(16,14), (16,13), (16,11), (16,7), (1,15), (2,5), (2,14), (8,2), (5,13), (12,3), (4,11), (7,8)

(16,14), (16,13), (16,11), (16,4), (1,7), (4,15), (12,15), (2,6), (2,10), (9,2), (3,4), (7,10)

(16,14), (16,13), (16,11), (1,10), (8,15), (14,15), (7,1), (2,5), (2,9), (14,2), (13,6), (5,6)

...????

//13//

(0,0), (1,0), (3,0), (7,0), (12,0), (8,1), (9,3), (16,5), (15,11), (0,13), (10,14), (9,17), (17,17)

(0,0), (1,0), (3,0), (7,0), (12,0), (9,1), (14,3), (9,9), (13,10), (3,15), (16,16), (1,17), (15,17)

(0,0), (1,0), (3,0), (7,0), (12,0), (9,1), (10,6), (17,9), (15,12), (3,13), (1,15), (0,16), (13,17)

(0,0), (1,0), (3,0), (7,0), (12,0), (10,1), (10,9), (14,10), (8,12), (1,14), (16,14), (3,16), (9,17)

(0,0), (1,0), (3,0), (7,0), (12,0), (11,1), (9,5), (15,7), (14,10), (1,13), (3,15), (13,15), (12,17)

(0,0), (1,0), (3,0), (7,0), (8,1), (13,1), (14,5), (17,10), (7,12), (0,14), (15,14), (12,16), (9,17)

(0,0), (1,0), (3,0), (7,0), (8,3), (14,5), (10,6), (15,12), (14,14), (6,15), (1,16), (12,16), (11,17)

(0,0), (1,0), (3,0), (7,0), (6,5), (16,8), (14,10), (13,12), (0,14), (9,14), (1,15), (12,16), (6,17)

(0,0), (1,0), (3,0), (9,0), (13,1), (3,4), (16,6), (9,10), (7,12), (0,15), (13,15), (11,16), (8,17)

(0,0), (1,0), (3,0), (10,0), (1,4), (14,5), (3,6), (15,8), (7,10), (0,14), (12,15), (11,16), (9,17)
--


(1,2), (1,3), (1,5), (1,9), (3,17), (16,17), (17,16), (11,1), (6,1), (13,2), (4,8), (14,8), (10,12)

(1,2), (1,3), (1,5), (1,9), (11,17), (17,2), (7,1), (16,16), (16,5), (3,13), (14,14), (11,12), (10,10)

(1,2), (1,3), (1,5), (1,10), (3,17), (17,10), (7,1), (16,13), (16,9), (15,2), (13,15), (4,13), (11,10)

(1,2), (1,3), (1,5), (1,12), (4,17), (17,10), (13,1), (6,16), (14,16), (9,15), (15,3), (13,12), (11,9)


..?
//14//
(0,0), (1,0), (3,0), (7,0), (12,0), (8,1), (19,2), (16,4), (15,7), (3,10), (0,13), (8,17), (18,18), (16,19)

(0,0), (1,0), (3,0), (7,0), (12,0), (8,1), (16,4), (10,5), (18,11), (10,13), (19,14), (1,16), (16,17), (13,19)

(0,0), (1,0), (3,0), (7,0), (12,0), (10,1), (15,2), (19,10), (18,11), (11,13), (7,14), (1,16), (16,16), (3,18)

(0,0), (1,0), (3,0), (7,0), (12,0), (16,5), (17,6), (14,7), (7,8), (11,12), (3,15), (0,17), (10,18), (1,19)

(0,0), (1,0), (3,0), (7,0), (16,0), (18,3), (0,5), (19,10), (9,11), (3,12), (18,13), (17,14), (11,17), (7,18)

(0,0), (1,0), (3,0), (7,0), (18,0), (17,1), (16,4), (19,6), (10,8), (19,11), (0,13), (7,14), (12,15), (10,17)

(0,0), (1,0), (3,0), (7,0), (8,1), (14,2), (15,4), (19,9), (0,10), (8,13), (17,14), (14,15), (12,17), (8,18)
..?
&"warning: 154,677285318559  (10,0), (11,0), (13,0), (17,0), (5,1), (6,2), (19,3), (16,4), (3,7), (1,9), (3,18), (1,19), (18,19), (11,20)

&"warning: 153,25  (10,0), (11,0), (13,0), (18,0), (15,1), (0,2), (6,2), (0,6), (19,6), (13,9), (20,14), (1,16), (0,17), (18,17)

&"warning: 142,277440200617  (10,0), (11,0), (13,0), (0,1), (7,1), (18,1), (1,3), (16,3), (4,5), (20,8), (10,14), (20,14), (4,18), (8,18)

&"warning: 124,771604938271  (10,0), (11,0), (13,0), (14,1), (4,2), (15,3), (19,3), (2,4), (0,8), (20,9), (9,14), (1,16), (19,18), (14,19)

&"warning: 121,378992189468  (10,0), (11,0), (14,0), (3,2), (4,3), (19,3), (0,4), (16,4), (16,6), (4,8), (17,13), (10,18), (16,18), (11,20)

&"warning: 121,261210244082  (10,0), (11,0), (5,1), (8,1), (4,2), (15,2), (1,4), (17,4), (20,9), (1,12), (12,15), (1,16), (18,18), (6,20)

&"warning: 115,726741445942  (10,0), (11,0), (12,1), (15,2), (19,3), (2,4), (6,4), (2,7), (16,8), (0,10), (17,13), (5,19), (12,20), (14,20)

&"warning: 112,204142011834  (10,0), (13,0), (4,1), (11,1), (13,1), (7,3), (18,3), (5,5), (0,6), (20,11), (0,12), (4,16), (14,16), (7,20)

&"warning: 111,611570247933  (10,0), (13,0), (16,2), (1,4), (17,4), (2,5), (4,5), (11,5), (20,7), (20,8), (2,13), (8,13), (11,19), (7,20)

&"warning: 110,159395469022  (10,0), (13,0), (11,3), (19,3), (7,4), (17,4), (18,4), (2,5), (0,7), (0,9), (20,12), (2,14), (17,17), (11,19)

&"warning: 109  (10,0), (14,0), (19,1), (1,3), (2,3), (9,3), (20,3), (16,4), (4,5), (0,9), (19,11), (18,12), (7,16), (10,16)


//15//
 (1,2), (1,3), (1,5), (1,9), (1,14), (15,21), (21,18), (21,3), (5,1), (2,16), (14,20), (20,13), (5,19), (18,11), (7,13)
//16//
&"warning: 271,849598329214  (5,0), (6,0), (8,0), (12,0), (17,0), (25,0), (0,1), (14,2), (24,3), (23,5), (1,8), (20,13), (2,17), (3,21), (16,22), (22,25)

&"warning: 266,5  (5,0), (6,0), (8,0), (12,0), (17,0), (25,0), (3,1), (20,2), (13,4), (0,6), (22,8), (23,9), (20,18), (6,21), (23,24), (4,25)

&"warning: 254,275323604288  (5,0), (6,0), (8,0), (12,0), (17,0), (25,0), (4,1), (14,2), (20,3), (0,6), (22,7), (2,11), (25,16), (19,20), (4,24), (24,25)

&"warning: 249,35459804135  (5,0), (6,0), (8,0), (12,0), (17,0), (25,0), (23,1), (0,2), (14,3), (13,4), (17,10), (1,11), (3,18), (18,20), (25,21), (23,23)

&"warning: 232,9364  (5,0), (6,0), (8,0), (12,0), (17,0), (0,1), (1,2), (20,3), (23,4), (15,6), (25,7), (24,11), (18,16), (1,21), (0,23), (17,25)

&"warning: 229,437934947189  (5,0), (6,0), (8,0), (12,0), (17,0), (0,1), (21,2), (25,3), (23,4), (14,5), (2,9), (0,15), (20,16), (2,22), (13,23), (16,24)

&"warning: 204,073476239669  (5,0), (6,0), (8,0), (12,0), (17,0), (1,1), (14,1), (20,3), (21,4), (14,9), (24,9), (16,14), (22,17), (20,19), (2,21), (4,25)

&"warning: 188,205103969754  (5,0), (6,0), (8,0), (12,0), (17,0), (4,1), (15,3), (22,4), (25,5), (2,6), (14,8), (1,15), (20,17), (22,21), (15,23), (13,25)

&"warning: 184,26852352623  (5,0), (6,0), (8,0), (12,0), (13,1), (11,3), (22,3), (0,4), (20,6), (24,8), (0,9), (22,16), (23,18), (12,21), (5,23), (11,25)

&"warning: 181,853995061728  (5,0), (6,0), (8,0), (12,0), (2,2), (20,2), (22,3), (18,4), (5,5), (13,8), (23,9), (24,10), (1,14), (18,20), (17,23), (12,25)

&"warning: 177,586805555555  (5,0), (6,0), (8,0), (12,0), (11,2), (15,3), (18,4), (19,5), (24,5), (0,6), (5,11), (24,14), (2,16), (23,19), (6,23), (15,24)

&"warning: 174,383656509695  (5,0), (6,0), (8,0), (14,0), (9,2), (22,3), (21,4), (0,6), (4,6), (14,7), (1,10), (24,10), (21,19), (5,21), (16,22), (8,24)


 ...

 //16//

&"warning: 302,104103504027  (10,0), (11,0), (13,0), (17,0), (22,0), (0,1), (4,2), (25,2), (2,3), (7,5), (21,6), (27,12), (2,18), (17,19), (24,22), (1,27), (17,27)\n"

&"warning: 266,5  (10,0), (11,0), (13,0), (17,0), (22,0), (0,1), (8,2), (9,4), (27,4), (19,6), (3,9), (26,9), (11,16), (20,21), (0,22), (23,24), (6,26)\n"


&"warning: 303,25  (5,0), (7,0), (17,0), (18,0), (21,0), (26,0), (2,1), (27,1), (15,2), (0,5), (24,7), (1,9), (24,13), (7,15), (0,23), (20,26), (18,27)\n"

&"warning: 301,25  (5,0), (7,0), (17,0), (18,0), (21,0), (26,0), (23,1), (9,2), (25,4), (0,5), (5,7), (27,10), (15,11), (0,20), (16,24), (3,26), (24,27)\n"

&"warning: 279,663091715976  (5,0), (7,0), (17,0), (18,0), (21,0), (0,1), (20,2), (26,2), (10,3), (16,6), (0,8), (4,9), (24,14), (25,15), (0,23), (3,24), (7,27)\n"

&"warning: 257,388888888888  (5,0), (7,0), (17,0), (18,0), (21,0), (8,1), (3,2), (9,3), (25,4), (20,7), (3,9), (9,12), (22,15), (27,17), (17,22), (1,25), (20,25)\n"

&"warning: 242,646034852647  (5,0), (7,0), (17,0), (18,0), (21,0), (15,1), (2,3), (25,3), (1,4), (16,5), (8,9), (25,12), (27,14), (0,18), (27,20), (2,24), (18,26)\n"

&"warning: 235,180358479026  (10,0), (11,0), (13,0), (17,0), (22,0), (2,1), (1,2), (4,3), (21,4), (26,5), (23,10), (18,12), (10,14), (2,20), (25,21), (7,26), (9,27)\n"

&"warning: 232,404672216441  (5,0), (7,0), (17,0), (18,0), (21,0), (8,2), (25,3), (3,4), (26,4), (1,6), (0,9), (27,9), (10,14), (26,19), (10,22), (25,23), (15,27)\n"

&"warning: 225,957864640661  (5,0), (7,0), (17,0), (18,0), (24,0), (14,2), (23,3), (13,4), (27,4), (0,5), (0,8), (2,10), (24,15), (1,16), (25,20), (14,25), (15,26)\n"

&"warning: 216,262225111651  (5,0), (7,0), (17,0), (18,0), (15,1), (25,3), (9,4), (1,6), (24,7), (25,8), (4,9), (14,12), (1,14), (1,20), (14,21), (13,26), (16,26)\n"

&"warning: 215,154293142335  (5,0), (7,0), (17,0), (19,0), (5,3), (2,4), (15,4), (24,5), (8,6), (23,6), (0,9), (0,13), (17,16), (27,18), (8,24), (8,25), (10,26)\n"


&"warning: 217,854015475836  (10,0), (11,0), (13,0), (17,0), (22,0), (9,1), (3,3), (5,5), (26,5), (2,8), (23,10), (1,11), (7,18), (1,19), (27,20), (20,25), (13,27)\n"

&"warning: 210,558205943709  (10,0), (11,0), (13,0), (17,0), (22,1), (16,3), (1,5), (18,6), (3,7), (26,7), (27,9), (3,12), (1,20), (13,20), (5,24), (6,25), (19,26)\n"

&"warning: 205,412920825841  (10,0), (11,0), (13,0), (17,0), (5,2), (3,4), (20,5), (6,6), (25,6), (0,7), (24,8), (22,12), (0,15), (3,16), (23,23), (9,26), (8,27)\n"

&"warning: 203,014983696496  (10,0), (12,0), (13,0), (17,0), (25,3), (3,4), (21,5), (1,6), (16,6), (2,7), (26,7), (4,13), (26,15), (1,18), (20,22), (18,23), (16,26)\n"

//18//

&"warning: 351,275513704158  (14,0), (15,0), (17,0), (21,0), (26,0), (8,2), (9,3), (28,3), (0,4), (25,4), (3,7), (27,8), (5,12), (11,18), (28,25), (26,26), (0,27), (14,27)\n"

&"warning: 319,964897286407  (14,0), (15,0), (17,0), (21,0), (0,1), (1,2), (10,2), (12,3), (28,3), (22,5), (6,6), (7,12), (26,12), (10,20), (1,24), (26,24), (2,27), (14,28)\n"

&"warning: 314,5  (14,0), (15,0), (17,0), (21,0), (1,1), (24,1), (6,2), (7,3), (26,4), (2,5), (0,7), (26,14), (10,16), (8,20), (23,23), (2,26), (1,28), (12,28)\n"

&"warning: 303,25  (14,0), (15,0), (17,0), (21,0), (6,1), (1,3), (26,3), (2,4), (13,4), (27,5), (11,6), (28,10), (15,17), (11,22), (1,23), (28,25), (2,26), (10,28)\n"

&"warning: 282,25  (14,0), (15,0), (17,0), (21,0), (5,2), (12,3), (3,4), (23,4), (27,5), (7,7), (0,10), (28,11), (17,17), (26,17), (0,25), (1,26), (23,27), (8,28)\n"

&"warning: 256,283462224866  (14,0), (15,0), (17,0), (21,0), (12,2), (25,3), (4,4), (6,5), (26,6), (5,9), (28,10), (10,12), (26,17), (2,21), (22,25), (12,26), (6,27), (25,28)\n"




//19//

&"warning: 365,774108379501  (15,0), (16,0), (18,0), (22,0), (8,1), (29,2), (5,3), (0,4), (24,4), (22,5), (1,7), (21,9), (24,15), (0,18), (21,18), (28,25), (30,27), (4,29), (3,30)\n"

&"warning: 353,607063020214  (15,0), (16,0), (18,0), (22,0), (10,2), (1,4), (0,5), (23,5), (28,5), (3,6), (7,7), (26,8), (0,14), (27,14), (10,23), (28,25), (1,28), (18,29), (0,30)\n"

&"warning: 315,924555828612  (15,0), (16,0), (18,0), (24,0), (28,1), (23,2), (30,3), (1,4), (11,4), (0,5), (14,6), (3,8), (9,14), (0,19), (25,20), (1,22), (28,24), (7,29), (22,29)\n"




















//26//

&"warning: 1070,45462298368  (25,0), (26,0), (28,0), (32,0), (40,0), (10,1), (15,1), (3,2), (16,2), (39,2), (7,3), (44,4), (47,5), (1,6), (50,8), (10,12), (50,17), (39,20), (16,24), (3,27), (20,32), (4,41), (50,45), (10,46), (0,50), (46,50)\n"

&"warning: 970,7790625  (25,0), (26,0), (28,0), (32,0), (44,0), (49,0), (6,1), (15,1), (40,1), (9,2), (22,2), (1,4), (0,5), (18,7), (28,11), (44,15), (12,21), (5,24), (46,30), (0,32), (10,35), (8,42), (39,42), (44,43), (13,48), (39,50)\n"


================================================================================
3 points 1,25  (0,0), (0,1), (1,2)
4 points 2,5  (0,0), (0,1), (1,2), (3,0)
5 points 5  (0,2), (0,3), (1,4), (3,2), (3,0)
6 points 13,78  (0,2), (0,3), (1,4), (3,2), (3,0), (5,7)
7 points 17,0188888888888  (0,2), (0,3), (1,4), (3,2), (3,0), (5,7), (1,8)
8 points 46,25  (3,6), (3,7), (4,8), (6,6), (6,4), (8,11), (4,12), (0,0)
9 points 92,25  (3,6), (3,7), (4,8), (6,6), (6,4), (8,11), (4,12), (0,0), (12,15)
10 points 100,010541406645  (3,9), (3,10), (4,11), (6,9), (6,7), (8,14), (4,15), (0,3), (12,18), (13,0)
11 points 157,858118042428  (10,9), (10,10), (11,11), (13,9), (13,7), (15,14), (11,15), (7,3), (19,18), (20,0), (0,15)
12 points 157,858118042428  (10,9), (10,10), (11,11), (13,9), (13,7), (15,14), (11,15), (7,3), (19,18), (20,0), (0,15), (23,9)
13 points 242,5  (11,9), (11,10), (12,11), (14,9), (14,7), (16,14), (12,15), (8,3), (20,18), (21,0), (1,15), (24,9), (0,23)
14 points 249,478834502551  (11,15), (11,16), (12,17), (14,15), (14,13), (16,20), (12,21), (8,9), (20,24), (21,6), (1,21), (24,15), (0,29), (7,0)
15 points 361,607625743645  (11,15), (11,16), (12,17), (14,15), (14,13), (16,20), (12,21), (8,9), (20,24), (21,6), (1,21), (24,15), (0,29), (7,0), (24,34)
16 points 465,279776  (11,16), (11,17), (12,18), (14,16), (14,14), (16,21), (12,22), (8,10), (20,25), (21,7), (1,22), (24,16), (0,30), (7,1), (24,35), (31,0)
17 points 544,765  (11,21), (11,22), (12,23), (14,21), (14,19), (16,26), (12,27), (8,15), (20,30), (21,12), (1,27), (24,21), (0,35), (7,6), (24,40), (31,5), (0,0)
18 points 781,25  (21,21), (21,22), (22,23), (24,21), (24,19), (26,26), (22,27), (18,15), (30,30), (31,12), (11,27), (34,21), (10,35), (17,6), (34,40), (41,5), (10,0), (0,43)
19 points 797,016724730565  (24,21), (24,22), (25,23), (27,21), (27,19), (29,26), (25,27), (21,15), (33,30), (34,12), (14,27), (37,21), (13,35), (20,6), (37,40), (44,5), (13,0), (3,43), (0,2)
20 points 1129,25  (24,24), (24,25), (25,26), (27,24), (27,22), (29,29), (25,30), (21,18), (33,33), (34,15), (14,30), (37,24), (13,38), (20,9), (37,43), (44,8), (13,3), (3,46), (0,5), (52,0)
21 points 1129,25  (26,24), (26,25), (27,26), (29,24), (29,22), (31,29), (27,30), (23,18), (35,33), (36,15), (16,30), (39,24), (15,38), (22,9), (39,43), (46,8), (15,3), (5,46), (2,5), (54,0), (0,35)
22 points 1288,04964866863  (26,24), (26,25), (27,26), (29,24), (29,22), (31,29), (27,30), (23,18), (35,33), (36,15), (16,30), (39,24), (15,38), (22,9), (39,43), (46,8), (15,3), (5,46), (2,5), (54,0), (0,35), (54,54)
23 points 1570  (26,24), (26,25), (27,26), (29,24), (29,22), (31,29), (27,30), (23,18), (35,33), (36,15), (16,30), (39,24), (15,38), (22,9), (39,43), (46,8), (15,3), (5,46), (2,5), (54,0), (0,35), (54,54), (60,59)
24 points 2066  (26,35), (26,36), (27,37), (29,35), (29,33), (31,40), (27,41), (23,29), (35,44), (36,26), (16,41), (39,35), (15,49), (22,20), (39,54), (46,19), (15,14), (5,57), (2,16), (54,11), (0,46), (54,65), (60,70), (2,0)
25 points 2081,41979491684  (26,36), (26,37), (27,38), (29,36), (29,34), (31,41), (27,42), (23,30), (35,45), (36,27), (16,42), (39,36), (15,50), (22,21), (39,55), (46,20), (15,15), (5,58), (2,17), (54,12), (0,47), (54,66), (60,71), (2,1), (65,0)
26 points 2538,91821624101  (38,36), (38,37), (39,38), (41,36), (41,34), (43,41), (39,42), (35,30), (47,45), (48,27), (28,42), (51,36), (27,50), (34,21), (51,55), (58,20), (27,15), (17,58), (14,17), (66,12), (12,47), (66,66), (72,71), (14,1), (77,0), (0,65)
-----------------------------------------------------------------------------------------------------
(0,0), (0,1), (2,2), (3,1)
5 points 8,5 (0,2), (0,3), (2,4), (3,3), (5,0)
6 points 13,6220703125 (0,2), (0,3), (2,4), (3,3), (5,0), (6,6)
7 points 32,5 (2,2), (2,3), (4,4), (5,3), (7,0), (8,6), (0,9)
8 points 58,25 (2,6), (2,7), (4,8), (5,7), (7,4), (8,10), (0,13), (8,0)
9 points 68,0056787452677 (5,8), (5,9), (7,10), (8,9), (10,6), (11,12), (3,15), (11,2), (0,0)
10 points 154,25 (5,8), (5,9), (7,10), (8,9), (10,6), (11,12), (3,15), (11,2), (0,0), (16,19)
11 points 154,348033330979 (5,11), (5,12), (7,13), (8,12), (10,9), (11,15), (3,18), (11,5), (0,3), (16,22), (10,0)
12 points 158,095567867036 (5,11), (5,12), (7,13), (8,12), (10,9), (11,15), (3,18), (11,5), (0,3), (16,22), (10,0), (19,3)
13 points 254,25 (10,13), (10,14), (12,15), (13,14), (15,11), (16,17), (8,20), (16,7), (5,5), (21,24), (15,2), (24,5), (0,0)
14 points 340 (10,13), (10,14), (12,15), (13,14), (15,11), (16,17), (8,20), (16,7), (5,5), (21,24), (15,2), (24,5), (0,0), (28,24)
15 points 466,25 (10,13), (10,14), (12,15), (13,14), (15,11), (16,17), (8,20), (16,7), (5,5), (21,24), (15,2), (24,5), (0,0), (28,24), (29,32)
16 points 469,008875739644 (16,13), (16,14), (18,15), (19,14), (21,11), (22,17), (14,20), (22,7), (11,5), (27,24), (21,2), (30,5), (6,0), (34,24), (35,32), (0,27)
17 points 621,361020832223 (16,20), (16,21), (18,22), (19,21), (21,18), (22,24), (14,27), (22,14), (11,12), (27,31), (21,9), (30,12), (6,7), (34,31), (35,39), (0,34), (36,0)
18 points 884 (20,20), (20,21), (22,22), (23,21), (25,18), (26,24), (18,27), (26,14), (15,12), (31,31), (25,9), (34,12), (10,7), (38,31), (39,39), (4,34), (40,0), (0,44)
19 points 884 (23,20), (23,21), (25,22), (26,21), (28,18), (29,24), (21,27), (29,14), (18,12), (34,31), (28,9), (37,12), (13,7), (41,31), (42,39), (7,34), (43,0), (3,44), (0,12)
20 points 908,555555555555 (23,20), (23,21), (25,22), (26,21), (28,18), (29,24), (21,27), (29,14), (18,12), (34,31), (28,9), (37,12), (13,7), (41,31), (42,39), (7,34), (43,0), (3,44), (0,12), (53,40)
21 points 1228,25 (23,28), (23,29), (25,30), (26,29), (28,26), (29,32), (21,35), (29,22), (18,20), (34,39), (28,17), (37,20), (13,15), (41,39), (42,47), (7,42), (43,8), (3,52), (0,20), (53,48), (50,0)
22 points 1599,25 (27,28), (27,29), (29,30), (30,29), (32,26), (33,32), (25,35), (33,22), (22,20), (38,39), (32,17), (41,20), (17,15), (45,39), (46,47), (11,42), (47,8), (7,52), (4,20), (57,48), (54,0), (0,59)
23 points 1599,25 (27,28), (27,29), (29,30), (30,29), (32,26), (33,32), (25,35), (33,22), (22,20), (38,39), (32,17), (41,20), (17,15), (45,39), (46,47), (11,42), (47,8), (7,52), (4,20), (57,48), (54,0), (0,59), (45,60)
24 points 1695,5088468809 (31,34), (31,35), (33,36), (34,35), (36,32), (37,38), (29,41), (37,28), (26,26), (42,45), (36,23), (45,26), (21,21), (49,45), (50,53), (15,48), (51,14), (11,58), (8,26), (61,54), (58,6), (4,65), (49,66), (0,0)
25 points 1994,03620074834 (31,34), (31,35), (33,36), (34,35), (36,32), (37,38), (29,41), (37,28), (26,26), (42,45), (36,23), (45,26), (21,21), (49,45), (50,53), (15,48), (51,14), (11,58), (8,26), (61,54), (58,6), (4,65), (49,66), (0,0), (71,8)
26 points 1994,03620074834 (36,34), (36,35), (38,36), (39,35), (41,32), (42,38), (34,41), (42,28), (31,26), (47,45), (41,23), (50,26), (26,21), (54,45), (55,53), (20,48), (56,14), (16,58), (13,26), (66,54), (63,6), (9,65), (54,66), (5,0), (76,8), (0,15)
-----------------------------------------------------------------------------------------------------
(0,0), (0,1), (2,0), (3,3), (4,2)
6 points 13,78 (0,4), (0,5), (2,4), (3,7), (4,6), (5,0)
7 points 18,0555555555555 (0,4), (0,5), (2,4), (3,7), (4,6), (5,0), (8,6)
8 points 52 (3,4), (3,5), (5,4), (6,7), (7,6), (8,0), (11,6), (0,12)
9 points 81,8038580082899 (6,8), (6,9), (8,8), (9,11), (10,10), (11,4), (14,10), (3,16), (0,0)
10 points 130 (6,8), (6,9), (8,8), (9,11), (10,10), (11,4), (14,10), (3,16), (0,0), (14,18)
11 points 130 (6,10), (6,11), (8,10), (9,13), (10,12), (11,6), (14,12), (3,18), (0,2), (14,20), (5,0)
12 points 156,25 (6,12), (6,13), (8,12), (9,15), (10,14), (11,8), (14,14), (3,20), (0,4), (14,22), (5,2), (18,0)
13 points 163,079193584317 (6,12), (6,13), (8,12), (9,15), (10,14), (11,8), (14,14), (3,20), (0,4), (14,22), (5,2), (18,0), (23,15)
14 points 338,5 (13,12), (13,13), (15,12), (16,15), (17,14), (18,8), (21,14), (10,20), (7,4), (21,22), (12,2), (25,0), (30,15), (0,27)
15 points 433 (13,12), (13,13), (15,12), (16,15), (17,14), (18,8), (21,14), (10,20), (7,4), (21,22), (12,2), (25,0), (30,15), (0,27), (34,3)
16 points 457,107183436434 (13,12), (13,13), (15,12), (16,15), (17,14), (18,8), (21,14), (10,20), (7,4), (21,22), (12,2), (25,0), (30,15), (0,27), (34,3), (36,33)
17 points 604,095821035144 (13,22), (13,23), (15,22), (16,25), (17,24), (18,18), (21,24), (10,30), (7,14), (21,32), (12,12), (25,10), (30,25), (0,37), (34,13), (36,43), (27,0)
18 points 722,15260770975 (13,22), (13,23), (15,22), (16,25), (17,24), (18,18), (21,24), (10,30), (7,14), (21,32), (12,12), (25,10), (30,25), (0,37), (34,13), (36,43), (27,0), (0,46)
19 points 972,5 (13,23), (13,24), (15,23), (16,26), (17,25), (18,19), (21,25), (10,31), (7,15), (21,33), (12,13), (25,11), (30,26), (0,38), (34,14), (36,44), (27,1), (0,47), (41,0)
20 points 1056,55737729894 (25,23), (25,24), (27,23), (28,26), (29,25), (30,19), (33,25), (22,31), (19,15), (33,33), (24,13), (37,11), (42,26), (12,38), (46,14), (48,44), (39,1), (12,47), (53,0), (0,1)
21 points 1056,55737729894 (25,23), (25,24), (27,23), (28,26), (29,25), (30,19), (33,25), (22,31), (19,15), (33,33), (24,13), (37,11), (42,26), (12,38), (46,14), (48,44), (39,1), (12,47), (53,0), (0,1), (57,9)
22 points 1320,25 (25,23), (25,24), (27,23), (28,26), (29,25), (30,19), (33,25), (22,31), (19,15), (33,33), (24,13), (37,11), (42,26), (12,38), (46,14), (48,44), (39,1), (12,47), (53,0), (0,1), (57,9), (60,42)
23 points 1698,25 (32,29), (32,30), (34,29), (35,32), (36,31), (37,25), (40,31), (29,37), (26,21), (40,39), (31,19), (44,17), (49,32), (19,44), (53,20), (55,50), (46,7), (19,53), (60,6), (7,7), (64,15), (67,48), (0,0)
24 points 1698,25 (33,29), (33,30), (35,29), (36,32), (37,31), (38,25), (41,31), (30,37), (27,21), (41,39), (32,19), (45,17), (50,32), (20,44), (54,20), (56,50), (47,7), (20,53), (61,6), (8,7), (65,15), (68,48), (1,0), (0,37)
25 points 1936,25 (36,33), (36,34), (38,33), (39,36), (40,35), (41,29), (44,35), (33,41), (30,25), (44,43), (35,23), (48,21), (53,36), (23,48), (57,24), (59,54), (50,11), (23,57), (64,10), (11,11), (68,19), (71,52), (4,4), (3,41), (0,0)
26 points 2892,5 (36,33), (36,34), (38,33), (39,36), (40,35), (41,29), (44,35), (33,41), (30,25), (44,43), (35,23), (48,21), (53,36), (23,48), (57,24), (59,54), (50,11), (23,57), (64,10), (11,11), (68,19), (71,52), (4,4), (3,41), (0,0), (79,73)
27 points 2892,5 (36,33), (36,34), (38,33), (39,36), (40,35), (41,29), (44,35), (33,41), (30,25), (44,43), (35,23), (48,21), (53,36), (23,48), (57,24), (59,54), (50,11), (23,57), (64,10), (11,11), (68,19), (71,52), (4,4), (3,41), (0,0), (79,73), (20,75)
-----------------------------------------------------------------------------------------------------
(0,0), (0,1), (0,3), (1,6), (2,5), (4,4)
7 points 24,25 (0,3), (0,4), (0,6), (1,9), (2,8), (4,7), (5,0)
8 points 66,25 (6,3), (6,4), (6,6), (7,9), (8,8), (10,7), (11,0), (0,12)
9 points 78,8232771296931 (6,3), (6,4), (6,6), (7,9), (8,8), (10,7), (11,0), (0,12), (15,14)
10 points 145 (7,7), (7,8), (7,10), (8,13), (9,12), (11,11), (12,4), (1,16), (16,18), (0,0)
11 points 145,053624260355 (7,7), (7,8), (7,10), (8,13), (9,12), (11,11), (12,4), (1,16), (16,18), (0,0), (10,21)
12 points 163,135782272456 (12,7), (12,8), (12,10), (13,13), (14,12), (16,11), (17,4), (6,16), (21,18), (5,0), (15,21), (0,20)
13 points 303,25 (12,9), (12,10), (12,12), (13,15), (14,14), (16,13), (17,6), (6,18), (21,20), (5,2), (15,23), (0,22), (27,0)
14 points 303,25 (12,13), (12,14), (12,16), (13,19), (14,18), (16,17), (17,10), (6,22), (21,24), (5,6), (15,27), (0,26), (27,4), (7,0)
15 points 328,505342690897 (12,13), (12,14), (12,16), (13,19), (14,18), (16,17), (17,10), (6,22), (21,24), (5,6), (15,27), (0,26), (27,4), (7,0), (32,23)
16 points 465,25 (15,13), (15,14), (15,16), (16,19), (17,18), (19,17), (20,10), (9,22), (24,24), (8,6), (18,27), (3,26), (30,4), (10,0), (35,23), (0,35)
17 points 545,923673469387 (15,17), (15,18), (15,20), (16,23), (17,22), (19,21), (20,14), (9,26), (24,28), (8,10), (18,31), (3,30), (30,8), (10,4), (35,27), (0,39), (0,0)
18 points 842,5 (15,17), (15,18), (15,20), (16,23), (17,22), (19,21), (20,14), (9,26), (24,28), (8,10), (18,31), (3,30), (30,8), (10,4), (35,27), (0,39), (0,0), (39,43)
19 points 844,715647600262 (15,17), (15,18), (15,20), (16,23), (17,22), (19,21), (20,14), (9,26), (24,28), (8,10), (18,31), (3,30), (30,8), (10,4), (35,27), (0,39), (0,0), (39,43), (0,45)
20 points 1134,25 (15,23), (15,24), (15,26), (16,29), (17,28), (19,27), (20,20), (9,32), (24,34), (8,16), (18,37), (3,36), (30,14), (10,10), (35,33), (0,45), (0,6), (39,49), (0,51), (44,0)
21 points 1134,25 (15,28), (15,29), (15,31), (16,34), (17,33), (19,32), (20,25), (9,37), (24,39), (8,21), (18,42), (3,41), (30,19), (10,15), (35,38), (0,50), (0,11), (39,54), (0,56), (44,5), (17,0)
22 points 1221,07247569247 (15,28), (15,29), (15,31), (16,34), (17,33), (19,32), (20,25), (9,37), (24,39), (8,21), (18,42), (3,41), (30,19), (10,15), (35,38), (0,50), (0,11), (39,54), (0,56), (44,5), (17,0), (47,62)
23 points 1709,79161911066 (33,28), (33,29), (33,31), (34,34), (35,33), (37,32), (38,25), (27,37), (42,39), (26,21), (36,42), (21,41), (48,19), (28,15), (53,38), (18,50), (18,11), (57,54), (18,56), (62,5), (35,0), (65,62), (0,11)
24 points 1709,79161911066 (33,28), (33,29), (33,31), (34,34), (35,33), (37,32), (38,25), (27,37), (42,39), (26,21), (36,42), (21,41), (48,19), (28,15), (53,38), (18,50), (18,11), (57,54), (18,56), (62,5), (35,0), (65,62), (0,11), (70,33)
25 points 1845,37516795866 (33,34), (33,35), (33,37), (34,40), (35,39), (37,38), (38,31), (27,43), (42,45), (26,27), (36,48), (21,47), (48,25), (28,21), (53,44), (18,56), (18,17), (57,60), (18,62), (62,11), (35,6), (65,68), (0,17), (70,39), (67,0)
26 points 2592,5 (39,34), (39,35), (39,37), (40,40), (41,39), (43,38), (44,31), (33,43), (48,45), (32,27), (42,48), (27,47), (54,25), (34,21), (59,44), (24,56), (24,17), (63,60), (24,62), (68,11), (41,6), (71,68), (6,17), (76,39), (73,0), (0,71)
-----------------------------------------------------------------------------------------------------
(0,0), (0,1), (4,0), (4,5), (6,1), (6,3), (7,0)
8 points 48,25 (3,7), (3,8), (7,7), (7,12), (9,8), (9,10), (10,7), (0,0)
9 points 113 (3,7), (3,8), (7,7), (7,12), (9,8), (9,10), (10,7), (0,0), (14,16)
10 points 113 (3,7), (3,8), (7,7), (7,12), (9,8), (9,10), (10,7), (0,0), (14,16), (1,16)
11 points 162,5 (6,10), (6,11), (10,10), (10,15), (12,11), (12,13), (13,10), (3,3), (17,19), (4,19), (0,0)
12 points 169,098607947515 (6,11), (6,12), (10,11), (10,16), (12,12), (12,14), (13,11), (3,4), (17,20), (4,20), (0,1), (20,0)
13 points 176,199969640748 (6,11), (6,12), (10,11), (10,16), (12,12), (12,14), (13,11), (3,4), (17,20), (4,20), (0,1), (20,0), (23,14)
14 points 255,639853061224 (6,13), (6,14), (10,13), (10,18), (12,14), (12,16), (13,13), (3,6), (17,22), (4,22), (0,3), (20,2), (23,16), (27,0)
15 points 409,25 (6,13), (6,14), (10,13), (10,18), (12,14), (12,16), (13,13), (3,6), (17,22), (4,22), (0,3), (20,2), (23,16), (27,0), (1,31)
16 points 447,471861521407 (13,15), (13,16), (17,15), (17,20), (19,16), (19,18), (20,15), (10,8), (24,24), (11,24), (7,5), (27,4), (30,18), (34,2), (8,33), (0,0)
17 points 582,916997572734 (13,15), (13,16), (17,15), (17,20), (19,16), (19,18), (20,15), (10,8), (24,24), (11,24), (7,5), (27,4), (30,18), (34,2), (8,33), (0,0), (31,37)
18 points 692,5 (20,15), (20,16), (24,15), (24,20), (26,16), (26,18), (27,15), (17,8), (31,24), (18,24), (14,5), (34,4), (37,18), (41,2), (15,33), (7,0), (38,37), (0,35)
19 points 766,346218638395 (20,24), (20,25), (24,24), (24,29), (26,25), (26,27), (27,24), (17,17), (31,33), (18,33), (14,14), (34,13), (37,27), (41,11), (15,42), (7,9), (38,46), (0,44), (8,0)
20 points 1117,50209142329 (20,24), (20,25), (24,24), (24,29), (26,25), (26,27), (27,24), (17,17), (31,33), (18,33), (14,14), (34,13), (37,27), (41,11), (15,42), (7,9), (38,46), (0,44), (8,0), (50,52)
21 points 1513 (24,28), (24,29), (28,28), (28,33), (30,29), (30,31), (31,28), (21,21), (35,37), (22,37), (18,18), (38,17), (41,31), (45,15), (19,46), (11,13), (42,50), (4,48), (12,4), (54,56), (0,0)
22 points 1513 (24,28), (24,29), (28,28), (28,33), (30,29), (30,31), (31,28), (21,21), (35,37), (22,37), (18,18), (38,17), (41,31), (45,15), (19,46), (11,13), (42,50), (4,48), (12,4), (54,56), (0,0), (59,11)
23 points 1632,5 (24,28), (24,29), (28,28), (28,33), (30,29), (30,31), (31,28), (21,21), (35,37), (22,37), (18,18), (38,17), (41,31), (45,15), (19,46), (11,13), (42,50), (4,48), (12,4), (54,56), (0,0), (59,11), (53,61)
24 points 1632,5 (24,28), (24,29), (28,28), (28,33), (30,29), (30,31), (31,28), (21,21), (35,37), (22,37), (18,18), (38,17), (41,31), (45,15), (19,46), (11,13), (42,50), (4,48), (12,4), (54,56), (0,0), (59,11), (53,61), (9,64)
25 points 1634,60985999874 (24,38), (24,39), (28,38), (28,43), (30,39), (30,41), (31,38), (21,31), (35,47), (22,47), (18,28), (38,27), (41,41), (45,25), (19,56), (11,23), (42,60), (4,58), (12,14), (54,66), (0,10), (59,21), (53,71), (9,74), (36,0)
26 points 1772,92073416065 (24,40), (24,41), (28,40), (28,45), (30,41), (30,43), (31,40), (21,33), (35,49), (22,49), (18,30), (38,29), (41,43), (45,27), (19,58), (11,25), (42,62), (4,60), (12,16), (54,68), (0,12), (59,23), (53,73), (9,76), (36,2), (12,0)
-----------------------------------------------------------------------------------------------------
(0,0), (0,3), (1,1), (5,0), (6,5), (6,6), (8,1), (8,3)
9 points 45 (0,3), (0,6), (1,4), (5,3), (6,8), (6,9), (8,4), (8,6), (12,0)
10 points 74,7314558325638 (0,3), (0,6), (1,4), (5,3), (6,8), (6,9), (8,4), (8,6), (12,0), (13,14)
11 points 181 (5,9), (5,12), (6,10), (10,9), (11,14), (11,15), (13,10), (13,12), (17,6), (18,20), (0,0)
12 points 181 (5,9), (5,12), (6,10), (10,9), (11,14), (11,15), (13,10), (13,12), (17,6), (18,20), (0,0), (17,0)
13 points 217,072902260114 (11,9), (11,12), (12,10), (16,9), (17,14), (17,15), (19,10), (19,12), (23,6), (24,20), (6,0), (23,0), (0,18)
14 points 366,25 (11,12), (11,15), (12,13), (16,12), (17,17), (17,18), (19,13), (19,15), (23,9), (24,23), (6,3), (23,3), (0,21), (32,0)
15 points 369,518111598001 (11,12), (11,15), (12,13), (16,12), (17,17), (17,18), (19,13), (19,15), (23,9), (24,23), (6,3), (23,3), (0,21), (32,0), (14,31)
16 points 462,589219920869 (15,16), (15,19), (16,17), (20,16), (21,21), (21,22), (23,17), (23,19), (27,13), (28,27), (10,7), (27,7), (4,25), (36,4), (18,35), (0,0)
17 points 588,515945651903 (15,16), (15,19), (16,17), (20,16), (21,21), (21,22), (23,17), (23,19), (27,13), (28,27), (10,7), (27,7), (4,25), (36,4), (18,35), (0,0), (4,39)
18 points 588,515945651903 (19,16), (19,19), (20,17), (24,16), (25,21), (25,22), (27,17), (27,19), (31,13), (32,27), (14,7), (31,7), (8,25), (40,4), (22,35), (4,0), (8,39), (0,9)
19 points 663,319761536311 (19,16), (19,19), (20,17), (24,16), (25,21), (25,22), (27,17), (27,19), (31,13), (32,27), (14,7), (31,7), (8,25), (40,4), (22,35), (4,0), (8,39), (0,9), (8,43)
20 points 729,546781855753 (19,16), (19,19), (20,17), (24,16), (25,21), (25,22), (27,17), (27,19), (31,13), (32,27), (14,7), (31,7), (8,25), (40,4), (22,35), (4,0), (8,39), (0,9), (8,43), (49,17)
21 points 1056,25 (19,25), (19,28), (20,26), (24,25), (25,30), (25,31), (27,26), (27,28), (31,22), (32,36), (14,16), (31,16), (8,34), (40,13), (22,44), (4,9), (8,48), (0,18), (8,52), (49,26), (47,0)
22 points 1116,68892204877 (19,25), (19,28), (20,26), (24,25), (25,30), (25,31), (27,26), (27,28), (31,22), (32,36), (14,16), (31,16), (8,34), (40,13), (22,44), (4,9), (8,48), (0,18), (8,52), (49,26), (47,0), (53,54)
23 points 1711,25 (24,30), (24,33), (25,31), (29,30), (30,35), (30,36), (32,31), (32,33), (36,27), (37,41), (19,21), (36,21), (13,39), (45,18), (27,49), (9,14), (13,53), (5,23), (13,57), (54,31), (52,5), (58,59), (0,0)
24 points 1992,5 (33,30), (33,33), (34,31), (38,30), (39,35), (39,36), (41,31), (41,33), (45,27), (46,41), (28,21), (45,21), (22,39), (54,18), (36,49), (18,14), (22,53), (14,23), (22,57), (63,31), (61,5), (67,59), (9,0), (0,0)
25 points 2528,5 (33,30), (33,33), (34,31), (38,30), (39,35), (39,36), (41,31), (41,33), (45,27), (46,41), (28,21), (45,21), (22,39), (54,18), (36,49), (18,14), (22,53), (14,23), (22,57), (63,31), (61,5), (67,59), (9,0), (0,0), (75,67)
26 points 2528,5 (33,30), (33,33), (34,31), (38,30), (39,35), (39,36), (41,31), (41,33), (45,27), (46,41), (28,21), (45,21), (22,39), (54,18), (36,49), (18,14), (22,53), (14,23), (22,57), (63,31), (61,5), (67,59), (9,0), (0,0), (75,67), (34,72)
-----------------------------------------------------------------------------------------------------
(0,0), (0,1), (1,6), (2,7), (3,4), (4,8), (7,0), (9,0), (9,4)
9 points 45 (0,3), (0,6), (1,4), (5,3), (6,8), (6,9), (8,4), (8,6), (12,0)
10 points 74,7314558325638 (0,3), (0,6), (1,4), (5,3), (6,8), (6,9), (8,4), (8,6), (12,0), (13,14)
11 points 181 (5,9), (5,12), (6,10), (10,9), (11,14), (11,15), (13,10), (13,12), (17,6), (18,20), (0,0)
12 points 181 (5,9), (5,12), (6,10), (10,9), (11,14), (11,15), (13,10), (13,12), (17,6), (18,20), (0,0), (17,0)
13 points 217,072902260114 (11,9), (11,12), (12,10), (16,9), (17,14), (17,15), (19,10), (19,12), (23,6), (24,20), (6,0), (23,0), (0,18)
14 points 366,25 (11,12), (11,15), (12,13), (16,12), (17,17), (17,18), (19,13), (19,15), (23,9), (24,23), (6,3), (23,3), (0,21), (32,0)
15 points 369,518111598001 (11,12), (11,15), (12,13), (16,12), (17,17), (17,18), (19,13), (19,15), (23,9), (24,23), (6,3), (23,3), (0,21), (32,0), (14,31)
16 points 462,589219920869 (15,16), (15,19), (16,17), (20,16), (21,21), (21,22), (23,17), (23,19), (27,13), (28,27), (10,7), (27,7), (4,25), (36,4), (18,35), (0,0)
17 points 588,515945651903 (15,16), (15,19), (16,17), (20,16), (21,21), (21,22), (23,17), (23,19), (27,13), (28,27), (10,7), (27,7), (4,25), (36,4), (18,35), (0,0), (4,39)
18 points 588,515945651903 (19,16), (19,19), (20,17), (24,16), (25,21), (25,22), (27,17), (27,19), (31,13), (32,27), (14,7), (31,7), (8,25), (40,4), (22,35), (4,0), (8,39), (0,9)
19 points 663,319761536311 (19,16), (19,19), (20,17), (24,16), (25,21), (25,22), (27,17), (27,19), (31,13), (32,27), (14,7), (31,7), (8,25), (40,4), (22,35), (4,0), (8,39), (0,9), (8,43)
20 points 729,546781855753 (19,16), (19,19), (20,17), (24,16), (25,21), (25,22), (27,17), (27,19), (31,13), (32,27), (14,7), (31,7), (8,25), (40,4), (22,35), (4,0), (8,39), (0,9), (8,43), (49,17)
21 points 1056,25 (19,25), (19,28), (20,26), (24,25), (25,30), (25,31), (27,26), (27,28), (31,22), (32,36), (14,16), (31,16), (8,34), (40,13), (22,44), (4,9), (8,48), (0,18), (8,52), (49,26), (47,0)
22 points 1116,68892204877 (19,25), (19,28), (20,26), (24,25), (25,30), (25,31), (27,26), (27,28), (31,22), (32,36), (14,16), (31,16), (8,34), (40,13), (22,44), (4,9), (8,48), (0,18), (8,52), (49,26), (47,0), (53,54)
23 points 1711,25 (24,30), (24,33), (25,31), (29,30), (30,35), (30,36), (32,31), (32,33), (36,27), (37,41), (19,21), (36,21), (13,39), (45,18), (27,49), (9,14), (13,53), (5,23), (13,57), (54,31), (52,5), (58,59), (0,0)
24 points 1992,5 (33,30), (33,33), (34,31), (38,30), (39,35), (39,36), (41,31), (41,33), (45,27), (46,41), (28,21), (45,21), (22,39), (54,18), (36,49), (18,14), (22,53), (14,23), (22,57), (63,31), (61,5), (67,59), (9,0), (0,0)
25 points 2528,5 (33,30), (33,33), (34,31), (38,30), (39,35), (39,36), (41,31), (41,33), (45,27), (46,41), (28,21), (45,21), (22,39), (54,18), (36,49), (18,14), (22,53), (14,23), (22,57), (63,31), (61,5), (67,59), (9,0), (0,0), (75,67)
26 points 2528,5 (33,30), (33,33), (34,31), (38,30), (39,35), (39,36), (41,31), (41,33), (45,27), (46,41), (28,21), (45,21), (22,39), (54,18), (36,49), (18,14), (22,53), (14,23), (22,57), (63,31), (61,5), (67,59), (9,0), (0,0), (75,67), (34,72)
-----------------------------------------------------------------------------------------------------
(0,0), (0,6), (0,7), (1,2), (4,10), (7,8), (7,10), (9,2), (9,6), (10,5)
11 points 121,25 (7,7), (7,13), (7,14), (8,9), (11,17), (14,15), (14,17), (16,9), (16,13), (17,12), (0,0)
12 points 276,25 (7,7), (7,13), (7,14), (8,9), (11,17), (14,15), (14,17), (16,9), (16,13), (17,12), (0,0), (23,24)
13 points 276,25 (7,8), (7,14), (7,15), (8,10), (11,18), (14,16), (14,18), (16,10), (16,14), (17,13), (0,1), (23,25), (19,0)
14 points 278,533057851239 (7,8), (7,14), (7,15), (8,10), (11,18), (14,16), (14,18), (16,10), (16,14), (17,13), (0,1), (23,25), (19,0), (3,29)
15 points 394,203512396694 (10,13), (10,19), (10,20), (11,15), (14,23), (17,21), (17,23), (19,15), (19,19), (20,18), (3,6), (26,30), (22,5), (6,34), (0,0)
16 points 514,63538515871 (10,16), (10,22), (10,23), (11,18), (14,26), (17,24), (17,26), (19,18), (19,22), (20,21), (3,9), (26,33), (22,8), (6,37), (0,3), (32,0)
17 points 804,5 (15,16), (15,22), (15,23), (16,18), (19,26), (22,24), (22,26), (24,18), (24,22), (25,21), (8,9), (31,33), (27,8), (11,37), (5,3), (37,0), (0,43)
18 points 824,985796740606 (15,16), (15,22), (15,23), (16,18), (19,26), (22,24), (22,26), (24,18), (24,22), (25,21), (8,9), (31,33), (27,8), (11,37), (5,3), (37,0), (0,43), (42,45)
19 points 824,985796740606 (15,16), (15,22), (15,23), (16,18), (19,26), (22,24), (22,26), (24,18), (24,22), (25,21), (8,9), (31,33), (27,8), (11,37), (5,3), (37,0), (0,43), (42,45), (31,49)
20 points 1091,25 (24,16), (24,22), (24,23), (25,18), (28,26), (31,24), (31,26), (33,18), (33,22), (34,21), (17,9), (40,33), (36,8), (20,37), (14,3), (46,0), (9,43), (51,45), (40,49), (0,3)
21 points 1352,5 (24,24), (24,30), (24,31), (25,26), (28,34), (31,32), (31,34), (33,26), (33,30), (34,29), (17,17), (40,41), (36,16), (20,45), (14,11), (46,8), (9,51), (51,53), (40,57), (0,11), (0,0)
22 points 1356,84553101529 (24,26), (24,32), (24,33), (25,28), (28,36), (31,34), (31,36), (33,28), (33,32), (34,31), (17,19), (40,43), (36,18), (20,47), (14,13), (46,10), (9,53), (51,55), (40,59), (0,13), (0,2), (52,0)
23 points 1892,25 (24,26), (24,32), (24,33), (25,28), (28,36), (31,34), (31,36), (33,28), (33,32), (34,31), (17,19), (40,43), (36,18), (20,47), (14,13), (46,10), (9,53), (51,55), (40,59), (0,13), (0,2), (52,0), (60,65)
24 points 2038,53717080435 (31,26), (31,32), (31,33), (32,28), (35,36), (38,34), (38,36), (40,28), (40,32), (41,31), (24,19), (47,43), (43,18), (27,47), (21,13), (53,10), (16,53), (58,55), (47,59), (7,13), (7,2), (59,0), (67,65), (0,68)
25 points 2057,98288172781 (31,34), (31,40), (31,41), (32,36), (35,44), (38,42), (38,44), (40,36), (40,40), (41,39), (24,27), (47,51), (43,26), (27,55), (21,21), (53,18), (16,61), (58,63), (47,67), (7,21), (7,10), (59,8), (67,73), (0,76), (21,0)
26 points 2353,98757441868 (31,34), (31,40), (31,41), (32,36), (35,44), (38,42), (38,44), (40,36), (40,40), (41,39), (24,27), (47,51), (43,26), (27,55), (21,21), (53,18), (16,61), (58,63), (47,67), (7,21), (7,10), (59,8), (67,73), (0,76), (21,0), (77,17)
27 points 2469,65197404002 (31,34), (31,40), (31,41), (32,36), (35,44), (38,42), (38,44), (40,36), (40,40), (41,39), (24,27), (47,51), (43,26), (27,55), (21,21), (53,18), (16,61), (58,63), (47,67), (7,21), (7,10), (59,8), (67,73), (0,76), (21,0), (77,17), (75,81)
-----------------------------------------------------------------------------------------------------
(7,7), (8,7), (13,8), (14,9), (11,10), (15,11), (7,14), (11,16)
-----------------------------------------------------------------------------------------------------
(7,7), (9,7), (10,8), (17,11), (15,13), (7,14), (10,16), (15,16), (15,17), (11,18)
(0,0), (0,2), (1,3), (4,10), (6,8), (7,0), (9,3), (9,8), (10,8), (11,4)
11 points 826701,84 (7,7), (9,7), (10,8), (17,11), (15,13), (7,14), (10,16), (15,16), (15,17), (11,18), (22,5)
12 points 204,5 (8,7), (10,7), (11,8), (18,11), (16,13), (8,14), (11,16), (16,16), (16,17), (12,18), (23,5), (0,22)
13 points 8891334,64343963 (8,9), (10,9), (11,10), (18,13), (16,15), (8,16), (11,18), (16,18), (16,19), (12,20), (23,7), (0,24), (1,0)
14 points 19055827,3390953 (9,9), (11,9), (12,10), (19,13), (17,15), (9,16), (12,18), (17,18), (17,19), (13,20), (24,7), (1,24), (2,0), (0,30)
15 points 344,5 (9,12), (11,12), (12,13), (19,16), (17,18), (9,19), (12,21), (17,21), (17,22), (13,23), (24,10), (1,27), (2,3), (0,33), (17,0)
16 points 2402678,18751649 (9,12), (11,12), (12,13), (19,16), (17,18), (9,19), (12,21), (17,21), (17,22), (13,23), (24,10), (1,27), (2,3), (0,33), (17,0), (30,25)
17 points 465,25 (9,12), (11,12), (12,13), (19,16), (17,18), (9,19), (12,21), (17,21), (17,22), (13,23), (24,10), (1,27), (2,3), (0,33), (17,0), (30,25), (31,3)
18 points 580 (9,12), (11,12), (12,13), (19,16), (17,18), (9,19), (12,21), (17,21), (17,22), (13,23), (24,10), (1,27), (2,3), (0,33), (17,0), (30,25), (31,3), (34,39)
19 points 990,25 (20,17), (22,17), (23,18), (30,21), (28,23), (20,24), (23,26), (28,26), (28,27), (24,28), (35,15), (12,32), (13,8), (11,38), (28,5), (41,30), (42,8), (45,44), (0,0)
20 points 6402333,06077215 (20,22), (22,22), (23,23), (30,26), (28,28), (20,29), (23,31), (28,31), (28,32), (24,33), (35,20), (12,37), (13,13), (11,43), (28,10), (41,35), (42,13), (45,49), (0,5), (42,0)
21 points 1225,25 (20,22), (22,22), (23,23), (30,26), (28,28), (20,29), (23,31), (28,31), (28,32), (24,33), (35,20), (12,37), (13,13), (11,43), (28,10), (41,35), (42,13), (45,49), (0,5), (42,0), (49,55)
22 points 114786404,470052 (27,22), (29,22), (30,23), (37,26), (35,28), (27,29), (30,31), (35,31), (35,32), (31,33), (42,20), (19,37), (20,13), (18,43), (35,10), (48,35), (49,13), (52,49), (7,5), (49,0), (56,55), (0,49)
23 points 1208068,58877649 (30,22), (32,22), (33,23), (40,26), (38,28), (30,29), (33,31), (38,31), (38,32), (34,33), (45,20), (22,37), (23,13), (21,43), (38,10), (51,35), (52,13), (55,49), (10,5), (52,0), (59,55), (3,49), (0,29)
24 points 1831,25 (30,29), (32,29), (33,30), (40,33), (38,35), (30,36), (33,38), (38,38), (38,39), (34,40), (45,27), (22,44), (23,20), (21,50), (38,17), (51,42), (52,20), (55,56), (10,12), (52,7), (59,62), (3,56), (0,36), (0,0)
25 points 1375099,79766803 (30,29), (32,29), (33,30), (40,33), (38,35), (30,36), (33,38), (38,38), (38,39), (34,40), (45,27), (22,44), (23,20), (21,50), (38,17), (51,42), (52,20), (55,56), (10,12), (52,7), (59,62), (3,56), (0,36), (0,0), (13,73)
26 points 6617616381,36373 (30,35), (32,35), (33,36), (40,39), (38,41), (30,42), (33,44), (38,44), (38,45), (34,46), (45,33), (22,50), (23,26), (21,56), (38,23), (51,48), (52,26), (55,62), (10,18), (52,13), (59,68), (3,62), (0,42), (0,6), (13,79), (61,0)
-----------------------------------------------------------------------------------------------------
(0,0), (1,0), (12,0), (12,2), (13,3), (7,6), (10,6), (12,8), (0,9), (5,9), (11,10);
(0,0), (1,0), (12,0), (12,2), (13,3), (7,6), (10,6), (12,8), (0,9), (5,9), (11,10), (3,17);
(7,0), (8,0), (19,0), (19,2), (20,3), (14,6), (17,6), (19,8), (7,9), (12,9), (18,10), (10,17), (0,19);
(7,0), (8,0), (19,0), (19,2), (20,3), (14,6), (17,6), (19,8), (7,9), (12,9), (18,10), (10,17), (0,19), (24,21);
(10,9), (11,9), (22,9), (22,11), (23,12), (17,15), (20,15), (22,17), (10,18), (15,18), (21,19), (13,26), (3,28), (27,30), (0,0);
(10,14), (11,14), (22,14), (22,16), (23,17), (17,20), (20,20), (22,22), (10,23), (15,23), (21,24), (13,31), (3,33), (27,35), (0,5), (30,0);
(15,16), (16,16), (27,16), (27,18), (28,19), (22,22), (25,22), (27,24), (15,25), (20,25), (26,26), (18,33), (8,35), (32,37), (5,7), (35,2), (0,0);
(15,16), (16,16), (27,16), (27,18), (28,19), (22,22), (25,22), (27,24), (15,25), (20,25), (26,26), (18,33), (8,35), (32,37), (5,7), (35,2), (0,0), (43,25);
(15,16), (16,16), (27,16), (27,18), (28,19), (22,22), (25,22), (27,24), (15,25), (20,25), (26,26), (18,33), (8,35), (32,37), (5,7), (35,2), (0,0), (43,25), (45,46);
(20,16), (21,16), (32,16), (32,18), (33,19), (27,22), (30,22), (32,24), (20,25), (25,25), (31,26), (23,33), (13,35), (37,37), (10,7), (40,2), (5,0), (48,25), (50,46), (0,28);
(21,16), (22,16), (33,16), (33,18), (34,19), (28,22), (31,22), (33,24), (21,25), (26,25), (32,26), (24,33), (14,35), (38,37), (11,7), (41,2), (6,0), (49,25), (51,46), (1,28), (0,49);
(21,26), (22,26), (33,26), (33,28), (34,29), (28,32), (31,32), (33,34), (21,35), (26,35), (32,36), (24,43), (14,45), (38,47), (11,17), (41,12), (6,10), (49,35), (51,56), (1,38), (0,59), (25,0);
(21,28), (22,28), (33,28), (33,30), (34,31), (28,34), (31,34), (33,36), (21,37), (26,37), (32,38), (24,45), (14,47), (38,49), (11,19), (41,14), (6,12), (49,37), (51,58), (1,40), (0,61), (25,2), (47,0);
(21,28), (22,28), (33,28), (33,30), (34,31), (28,34), (31,34), (33,36), (21,37), (26,37), (32,38), (24,45), (14,47), (38,49), (11,19), (41,14), (6,12), (49,37), (51,58), (1,40), (0,61), (25,2), (47,0), (55,66);
(28,28), (29,28), (40,28), (40,30), (41,31), (35,34), (38,34), (40,36), (28,37), (33,37), (39,38), (31,45), (21,47), (45,49), (18,19), (48,14), (13,12), (56,37), (58,58), (8,40), (7,61), (32,2), (54,0), (62,66), (0,27);
(28,32), (29,32), (40,32), (40,34), (41,35), (35,38), (38,38), (40,40), (28,41), (33,41), (39,42), (31,49), (21,51), (45,53), (18,23), (48,18), (13,16), (56,41), (58,62), (8,44), (7,65), (32,6), (54,4), (62,70), (0,31), (73,0)
-----------------------------------------------------------------------------------------------------
(0,0), (1,0), (3,0), (8,0), (15,2), (9,4), (13,4), (0,10), (14,10), (3,11), (12,11), (8,13)
13 points 188,5 (8,0), (9,0), (11,0), (16,0), (23,2), (17,4), (21,4), (8,10), (22,10), (11,11), (20,11), (16,13), (0,17)
14 points 435,25 (8,12), (9,12), (11,12), (16,12), (23,14), (17,16), (21,16), (8,22), (22,22), (11,23), (20,23), (16,25), (0,29), (30,0)
15 points 8922782,12995795 (11,13), (12,13), (14,13), (19,13), (26,15), (20,17), (24,17), (11,23), (25,23), (14,24), (23,24), (19,26), (3,30), (33,1), (0,0)
16 points 139760700007,146 (11,13), (12,13), (14,13), (19,13), (26,15), (20,17), (24,17), (11,23), (25,23), (14,24), (23,24), (19,26), (3,30), (33,1), (0,0), (31,38)
17 points 751,25 (14,18), (15,18), (17,18), (22,18), (29,20), (23,22), (27,22), (14,28), (28,28), (17,29), (26,29), (22,31), (6,35), (36,6), (3,5), (34,43), (0,0)
18 points 751,25 (16,18), (17,18), (19,18), (24,18), (31,20), (25,22), (29,22), (16,28), (30,28), (19,29), (28,29), (24,31), (8,35), (38,6), (5,5), (36,43), (2,0), (0,40)
19 points 913,25 (16,18), (17,18), (19,18), (24,18), (31,20), (25,22), (29,22), (16,28), (30,28), (19,29), (28,29), (24,31), (8,35), (38,6), (5,5), (36,43), (2,0), (0,40), (40,47)
20 points 1112,5 (16,21), (17,21), (19,21), (24,21), (31,23), (25,25), (29,25), (16,31), (30,31), (19,32), (28,32), (24,34), (8,38), (38,9), (5,8), (36,46), (2,3), (0,43), (40,50), (51,0)
21 points 1252 (16,26), (17,26), (19,26), (24,26), (31,28), (25,30), (29,30), (16,36), (30,36), (19,37), (28,37), (24,39), (8,43), (38,14), (5,13), (36,51), (2,8), (0,48), (40,55), (51,5), (52,0)
22 points 11458855,8857829 (16,26), (17,26), (19,26), (24,26), (31,28), (25,30), (29,30), (16,36), (30,36), (19,37), (28,37), (24,39), (8,43), (38,14), (5,13), (36,51), (2,8), (0,48), (40,55), (51,5), (52,0), (54,61)
23 points 11458855,8857829 (16,28), (17,28), (19,28), (24,28), (31,30), (25,32), (29,32), (16,38), (30,38), (19,39), (28,39), (24,41), (8,45), (38,16), (5,15), (36,53), (2,10), (0,50), (40,57), (51,7), (52,2), (54,63), (39,0)
24 points 1989 (24,28), (25,28), (27,28), (32,28), (39,30), (33,32), (37,32), (24,38), (38,38), (27,39), (36,39), (32,41), (16,45), (46,16), (13,15), (44,53), (10,10), (8,50), (48,57), (59,7), (60,2), (62,63), (47,0), (0,68)
25 points 1989 (24,28), (25,28), (27,28), (32,28), (39,30), (33,32), (37,32), (24,38), (38,38), (27,39), (36,39), (32,41), (16,45), (46,16), (13,15), (44,53), (10,10), (8,50), (48,57), (59,7), (60,2), (62,63), (47,0), (0,68), (69,56)
26 points 8022325,73469387 (33,34), (34,34), (36,34), (41,34), (48,36), (42,38), (46,38), (33,44), (47,44), (36,45), (45,45), (41,47), (25,51), (55,22), (22,21), (53,59), (19,16), (17,56), (57,63), (68,13), (69,8), (71,69), (56,6), (9,74), (78,62), (0,0)
-----------------------------------------------------------------------------------------------------
(0,0), (1,0), (3,0), (10,0), (1,4), (14,5), (3,6), (15,8), (7,10), (0,14), (12,15), (11,16), (9,17)
14 points 237,351211072664 (9,0), (10,0), (12,0), (19,0), (10,4), (23,5), (12,6), (24,8), (16,10), (9,14), (21,15), (20,16), (18,17), (0,13)
15 points 4208650,44199063 (9,0), (10,0), (12,0), (19,0), (10,4), (23,5), (12,6), (24,8), (16,10), (9,14), (21,15), (20,16), (18,17), (0,13), (30,26)
16 points 561,25 (13,7), (14,7), (16,7), (23,7), (14,11), (27,12), (16,13), (28,15), (20,17), (13,21), (25,22), (24,23), (22,24), (4,20), (34,33), (0,0)
17 points 686,5 (14,13), (15,13), (17,13), (24,13), (15,17), (28,18), (17,19), (29,21), (21,23), (14,27), (26,28), (25,29), (23,30), (5,26), (35,39), (1,6), (0,0)
18 points 186211636,149749 (14,13), (15,13), (17,13), (24,13), (15,17), (28,18), (17,19), (29,21), (21,23), (14,27), (26,28), (25,29), (23,30), (5,26), (35,39), (1,6), (0,0), (37,0)
19 points 261081,25 (14,17), (15,17), (17,17), (24,17), (15,21), (28,22), (17,23), (29,25), (21,27), (14,31), (26,32), (25,33), (23,34), (5,30), (35,43), (1,10), (0,4), (37,4), (40,0)
20 points 1131,25 (19,17), (20,17), (22,17), (29,17), (20,21), (33,22), (22,23), (34,25), (26,27), (19,31), (31,32), (30,33), (28,34), (10,30), (40,43), (6,10), (5,4), (42,4), (45,0), (0,50)
21 points 101923281,869324 (19,17), (20,17), (22,17), (29,17), (20,21), (33,22), (22,23), (34,25), (26,27), (19,31), (31,32), (30,33), (28,34), (10,30), (40,43), (6,10), (5,4), (42,4), (45,0), (0,50), (53,47)
22 points 115118725,59824 (21,17), (22,17), (24,17), (31,17), (22,21), (35,22), (24,23), (36,25), (28,27), (21,31), (33,32), (32,33), (30,34), (12,30), (42,43), (8,10), (7,4), (44,4), (47,0), (2,50), (55,47), (0,55)
23 points 1517 (26,17), (27,17), (29,17), (36,17), (27,21), (40,22), (29,23), (41,25), (33,27), (26,31), (38,32), (37,33), (35,34), (17,30), (47,43), (13,10), (12,4), (49,4), (52,0), (7,50), (60,47), (5,55), (0,58)
24 points 140395846,260874 (29,28), (30,28), (32,28), (39,28), (30,32), (43,33), (32,34), (44,36), (36,38), (29,42), (41,43), (40,44), (38,45), (20,41), (50,54), (16,21), (15,15), (52,15), (55,11), (10,61), (63,58), (8,66), (3,69), (0,0)
25 points 140395846,260874 (29,28), (30,28), (32,28), (39,28), (30,32), (43,33), (32,34), (44,36), (36,38), (29,42), (41,43), (40,44), (38,45), (20,41), (50,54), (16,21), (15,15), (52,15), (55,11), (10,61), (63,58), (8,66), (3,69), (0,0), (51,0)
26 points +Inf (29,31), (30,31), (32,31), (39,31), (30,35), (43,36), (32,37), (44,39), (36,41), (29,45), (41,46), (40,47), (38,48), (20,44), (50,57), (16,24), (15,18), (52,18), (55,14), (10,64), (63,61), (8,69), (3,72), (0,3), (51,3), (74,0)
-----------------------------------------------------------------------------------------------------
(0,0), (1,0), (3,0), (7,0), (8,1), (14,2), (15,4), (19,9), (0,10), (8,13), (17,14), (14,15), (12,17), (8,18)
15 points 262,148760330578 (0,10), (1,10), (3,10), (7,10), (8,11), (14,12), (15,14), (19,19), (0,20), (8,23), (17,24), (14,25), (12,27), (8,28), (24,0)
16 points 497,25 (9,10), (10,10), (12,10), (16,10), (17,11), (23,12), (24,14), (28,19), (9,20), (17,23), (26,24), (23,25), (21,27), (17,28), (33,0), (0,30)
17 points 497,259565443213 (9,10), (10,10), (12,10), (16,10), (17,11), (23,12), (24,14), (28,19), (9,20), (17,23), (26,24), (23,25), (21,27), (17,28), (33,0), (0,30), (37,24)
18 points 595,25 (11,10), (12,10), (14,10), (18,10), (19,11), (25,12), (26,14), (30,19), (11,20), (19,23), (28,24), (25,25), (23,27), (19,28), (35,0), (2,30), (39,24), (0,34)
19 points 786,25 (11,12), (12,12), (14,12), (18,12), (19,13), (25,14), (26,16), (30,21), (11,22), (19,25), (28,26), (25,27), (23,29), (19,30), (35,2), (2,32), (39,26), (0,36), (43,0)
20 points 826,07192318142 (11,12), (12,12), (14,12), (18,12), (19,13), (25,14), (26,16), (30,21), (11,22), (19,25), (28,26), (25,27), (23,29), (19,30), (35,2), (2,32), (39,26), (0,36), (43,0), (45,44)
21 points 1378,25 (18,21), (19,21), (21,21), (25,21), (26,22), (32,23), (33,25), (37,30), (18,31), (26,34), (35,35), (32,36), (30,38), (26,39), (42,11), (9,41), (46,35), (7,45), (50,9), (52,53), (0,0)
22 points 1382,50969922966 (20,21), (21,21), (23,21), (27,21), (28,22), (34,23), (35,25), (39,30), (20,31), (28,34), (37,35), (34,36), (32,38), (28,39), (44,11), (11,41), (48,35), (9,45), (52,9), (54,53), (2,0), (0,54)
23 points 1441,25 (24,21), (25,21), (27,21), (31,21), (32,22), (38,23), (39,25), (43,30), (24,31), (32,34), (41,35), (38,36), (36,38), (32,39), (48,11), (15,41), (52,35), (13,45), (56,9), (58,53), (6,0), (4,54), (0,4)
24 points 1954,25 (24,28), (25,28), (27,28), (31,28), (32,29), (38,30), (39,32), (43,37), (24,38), (32,41), (41,42), (38,43), (36,45), (32,46), (48,18), (15,48), (52,42), (13,52), (56,16), (58,60), (6,7), (4,61), (0,11), (68,0)
25 points 1954,25 (24,29), (25,29), (27,29), (31,29), (32,30), (38,31), (39,33), (43,38), (24,39), (32,42), (41,43), (38,44), (36,46), (32,47), (48,19), (15,49), (52,43), (13,53), (56,17), (58,61), (6,8), (4,62), (0,12), (68,1), (30,0)
26 points 1965,39608803972 (24,29), (25,29), (27,29), (31,29), (32,30), (38,31), (39,33), (43,38), (24,39), (32,42), (41,43), (38,44), (36,46), (32,47), (48,19), (15,49), (52,43), (13,53), (56,17), (58,61), (6,8), (4,62), (0,12), (68,1), (30,0), (43,78)
27 points 2851,25 (30,29), (31,29), (33,29), (37,29), (38,30), (44,31), (45,33), (49,38), (30,39), (38,42), (47,43), (44,44), (42,46), (38,47), (54,19), (21,49), (58,43), (19,53), (62,17), (64,61), (12,8), (10,62), (6,12), (74,1), (36,0), (49,78), (0,78)



-----------------------------------------------------------------------------------------------------
(11,11), (12,11), (9,11), (14,9), (8,8), (13,7)
7 points 16,3842975206611 (11,11), (12,11), (9,11), (14,9), (8,8), (13,7), (8,4)
8 points 36,3147193017258 (11,11), (12,11), (9,11), (14,9), (8,8), (13,7), (8,4), (18,3)
9 points 69,25 (11,11), (12,11), (9,11), (14,9), (8,8), (13,7), (8,4), (18,3), (9,17)
10 points 110,256802697585 (11,13), (12,13), (9,13), (14,11), (8,10), (13,9), (8,6), (18,5), (9,19), (2,0)
11 points 185 (11,13), (12,13), (9,13), (14,11), (8,10), (13,9), (8,6), (18,5), (9,19), (2,0), (18,22)
12 points 185 (11,15), (12,15), (9,15), (14,13), (8,12), (13,11), (8,8), (18,7), (9,21), (2,2), (18,24), (12,0)
13 points 185 (13,15), (14,15), (11,15), (16,13), (10,12), (15,11), (10,8), (20,7), (11,21), (4,2), (20,24), (14,0), (0,15)
14 points 221,130888284125 (13,15), (14,15), (11,15), (16,13), (10,12), (15,11), (10,8), (20,7), (11,21), (4,2), (20,24), (14,0), (0,15), (28,5)
15 points 314,5 (13,15), (14,15), (11,15), (16,13), (10,12), (15,11), (10,8), (20,7), (11,21), (4,2), (20,24), (14,0), (0,15), (28,5), (27,29)
16 points 361,474532116849 (16,15), (17,15), (14,15), (19,13), (13,12), (18,11), (13,8), (23,7), (14,21), (7,2), (23,24), (17,0), (3,15), (31,5), (30,29), (0,27)
17 points 379,277241182045 (20,15), (21,15), (18,15), (23,13), (17,12), (22,11), (17,8), (27,7), (18,21), (11,2), (27,24), (21,0), (7,15), (35,5), (34,29), (4,27), (0,13)
18 points 580,113452980585 (20,24), (21,24), (18,24), (23,22), (17,21), (22,20), (17,17), (27,16), (18,30), (11,11), (27,33), (21,9), (7,24), (35,14), (34,38), (4,36), (0,22), (36,0)
19 points 705,198060941828 (23,24), (24,24), (21,24), (26,22), (20,21), (25,20), (20,17), (30,16), (21,30), (14,11), (30,33), (24,9), (10,24), (38,14), (37,38), (7,36), (3,22), (39,0), (0,0)
20 points 1005,25 (23,24), (24,24), (21,24), (26,22), (20,21), (25,20), (20,17), (30,16), (21,30), (14,11), (30,33), (24,9), (10,24), (38,14), (37,38), (7,36), (3,22), (39,0), (0,0), (39,50)
21 points 1005,25 (23,24), (24,24), (21,24), (26,22), (20,21), (25,20), (20,17), (30,16), (21,30), (14,11), (30,33), (24,9), (10,24), (38,14), (37,38), (7,36), (3,22), (39,0), (0,0), (39,50), (5,51)
22 points 1354,25 (23,32), (24,32), (21,32), (26,30), (20,29), (25,28), (20,25), (30,24), (21,38), (14,19), (30,41), (24,17), (10,32), (38,22), (37,46), (7,44), (3,30), (39,8), (0,8), (39,58), (5,59), (49,0)
23 points 1357,41699100249 (23,32), (24,32), (21,32), (26,30), (20,29), (25,28), (20,25), (30,24), (21,38), (14,19), (30,41), (24,17), (10,32), (38,22), (37,46), (7,44), (3,30), (39,8), (0,8), (39,58), (5,59), (49,0), (56,55)
24 points 1409,48819750264 (23,39), (24,39), (21,39), (26,37), (20,36), (25,35), (20,32), (30,31), (21,45), (14,26), (30,48), (24,24), (10,39), (38,29), (37,53), (7,51), (3,37), (39,15), (0,15), (39,65), (5,66), (49,7), (56,62), (20,0)
25 points 1846,17236705904 (37,39), (38,39), (35,39), (40,37), (34,36), (39,35), (34,32), (44,31), (35,45), (28,26), (44,48), (38,24), (24,39), (52,29), (51,53), (21,51), (17,37), (53,15), (14,15), (53,65), (19,66), (63,7), (70,62), (34,0), (0,65)
26 points 2533 (37,40), (38,40), (35,40), (40,38), (34,37), (39,36), (34,33), (44,32), (35,46), (28,27), (44,49), (38,25), (24,40), (52,30), (51,54), (21,52), (17,38), (53,16), (14,16), (53,66), (19,67), (63,8), (70,63), (34,1), (0,66), (76,0)
-----------------------------------------------------------------------------------------------------
(13,13), (15,13), (15,14), (13,10), (10,16), (9,13), (8,14)
8 points 36,25 (13,13), (15,13), (15,14), (13,10), (10,16), (9,13), (8,14), (6,6)
9 points 60,8879726080246 (13,13), (15,13), (15,14), (13,10), (10,16), (9,13), (8,14), (6,6), (20,5)
10 points 128,532120483057 (13,13), (15,13), (15,14), (13,10), (10,16), (9,13), (8,14), (6,6), (20,5), (21,23)
11 points 141,113101782375 (13,13), (15,13), (15,14), (13,10), (10,16), (9,13), (8,14), (6,6), (20,5), (21,23), (1,16)
12 points 173,825862401353 (13,13), (15,13), (15,14), (13,10), (10,16), (9,13), (8,14), (6,6), (20,5), (21,23), (1,16), (24,4)
13 points 253,25 (14,13), (16,13), (16,14), (14,10), (11,16), (10,13), (9,14), (7,6), (21,5), (22,23), (2,16), (25,4), (0,0)
14 points 328,751885234128 (16,13), (18,13), (18,14), (16,10), (13,16), (12,13), (11,14), (9,6), (23,5), (24,23), (4,16), (27,4), (2,0), (0,28)
15 points 416,25 (16,18), (18,18), (18,19), (16,15), (13,21), (12,18), (11,19), (9,11), (23,10), (24,28), (4,21), (27,9), (2,5), (0,33), (24,0)
16 points 481,075786488331 (16,18), (18,18), (18,19), (16,15), (13,21), (12,18), (11,19), (9,11), (23,10), (24,28), (4,21), (27,9), (2,5), (0,33), (24,0), (34,35)
17 points 481,075786488331 (16,18), (18,18), (18,19), (16,15), (13,21), (12,18), (11,19), (9,11), (23,10), (24,28), (4,21), (27,9), (2,5), (0,33), (24,0), (34,35), (6,38)
18 points 571,25 (16,18), (18,18), (18,19), (16,15), (13,21), (12,18), (11,19), (9,11), (23,10), (24,28), (4,21), (27,9), (2,5), (0,33), (24,0), (34,35), (6,38), (38,4)
19 points 903,25 (25,25), (27,25), (27,26), (25,22), (22,28), (21,25), (20,26), (18,18), (32,17), (33,35), (13,28), (36,16), (11,12), (9,40), (33,7), (43,42), (15,45), (47,11), (0,0)
20 points 1138,25 (25,25), (27,25), (27,26), (25,22), (22,28), (21,25), (20,26), (18,18), (32,17), (33,35), (13,28), (36,16), (11,12), (9,40), (33,7), (43,42), (15,45), (47,11), (0,0), (43,52)
21 points 1138,25 (29,25), (31,25), (31,26), (29,22), (26,28), (25,25), (24,26), (22,18), (36,17), (37,35), (17,28), (40,16), (15,12), (13,40), (37,7), (47,42), (19,45), (51,11), (4,0), (47,52), (0,11)
22 points 1329,25 (31,27), (33,27), (33,28), (31,24), (28,30), (27,27), (26,28), (24,20), (38,19), (39,37), (19,30), (42,18), (17,14), (15,42), (39,9), (49,44), (21,47), (53,13), (6,2), (49,54), (2,13), (0,0)
23 points 1329,25 (31,27), (33,27), (33,28), (31,24), (28,30), (27,27), (26,28), (24,20), (38,19), (39,37), (19,30), (42,18), (17,14), (15,42), (39,9), (49,44), (21,47), (53,13), (6,2), (49,54), (2,13), (0,0), (23,59)
24 points 1467,25 (31,35), (33,35), (33,36), (31,32), (28,38), (27,35), (26,36), (24,28), (38,27), (39,45), (19,38), (42,26), (17,22), (15,50), (39,17), (49,52), (21,55), (53,21), (6,10), (49,62), (2,21), (0,8), (23,67), (4,0)
25 points 1469,66091071592 (31,35), (33,35), (33,36), (31,32), (28,38), (27,35), (26,36), (24,28), (38,27), (39,45), (19,38), (42,26), (17,22), (15,50), (39,17), (49,52), (21,55), (53,21), (6,10), (49,62), (2,21), (0,8), (23,67), (4,0), (65,21)
26 points 1665,56512404555 (31,36), (33,36), (33,37), (31,33), (28,39), (27,36), (26,37), (24,29), (38,28), (39,46), (19,39), (42,27), (17,23), (15,51), (39,18), (49,53), (21,56), (53,22), (6,11), (49,63), (2,22), (0,9), (23,68), (4,1), (65,22), (63,0)
-----------------------------------------------------------------------------------------------------
(14,14), (16,16), (17,11), (17,15), (14,17), (10,15), (8,10), (12,7), (13,7)
10 points 70,4281663516068 (14,14), (16,16), (17,11), (17,15), (14,17), (10,15), (8,10), (12,7), (13,7), (4,21)
11 points 70,4281663516068 (14,14), (16,16), (17,11), (17,15), (14,17), (10,15), (8,10), (12,7), (13,7), (4,21), (2,15)
12 points 148,25 (14,14), (16,16), (17,11), (17,15), (14,17), (10,15), (8,10), (12,7), (13,7), (4,21), (2,15), (25,23)
13 points 290 (14,17), (16,19), (17,14), (17,18), (14,20), (10,18), (8,13), (12,10), (13,10), (4,24), (2,18), (25,26), (3,0)
14 points 294,231522786147 (14,17), (16,19), (17,14), (17,18), (14,20), (10,18), (8,13), (12,10), (13,10), (4,24), (2,18), (25,26), (3,0), (29,1)
15 points 428,5 (14,17), (16,19), (17,14), (17,18), (14,20), (10,18), (8,13), (12,10), (13,10), (4,24), (2,18), (25,26), (3,0), (29,1), (28,33)
16 points 483,435538098259 (14,23), (16,25), (17,20), (17,24), (14,26), (10,24), (8,19), (12,16), (13,16), (4,30), (2,24), (25,32), (3,6), (29,7), (28,39), (34,0)
17 points 610 (14,23), (16,25), (17,20), (17,24), (14,26), (10,24), (8,19), (12,16), (13,16), (4,30), (2,24), (25,32), (3,6), (29,7), (28,39), (34,0), (8,42)
18 points 683,212811823329 (19,24), (21,26), (22,21), (22,25), (19,27), (15,25), (13,20), (17,17), (18,17), (9,31), (7,25), (30,33), (8,7), (34,8), (33,40), (39,1), (13,43), (0,0)
19 points 947,25 (22,24), (24,26), (25,21), (25,25), (22,27), (18,25), (16,20), (20,17), (21,17), (12,31), (10,25), (33,33), (11,7), (37,8), (36,40), (42,1), (16,43), (3,0), (0,46)
20 points 947,392150443901 (22,31), (24,33), (25,28), (25,32), (22,34), (18,32), (16,27), (20,24), (21,24), (12,38), (10,32), (33,40), (11,14), (37,15), (36,47), (42,8), (16,50), (3,7), (0,53), (15,0)
21 points 1114,41082646306 (22,31), (24,33), (25,28), (25,32), (22,34), (18,32), (16,27), (20,24), (21,24), (12,38), (10,32), (33,40), (11,14), (37,15), (36,47), (42,8), (16,50), (3,7), (0,53), (15,0), (52,52)
22 points 1663,25 (32,32), (34,34), (35,29), (35,33), (32,35), (28,33), (26,28), (30,25), (31,25), (22,39), (20,33), (43,41), (21,15), (47,16), (46,48), (52,9), (26,51), (13,8), (10,54), (25,1), (62,53), (0,0)
23 points 1663,62979595061 (32,36), (34,38), (35,33), (35,37), (32,39), (28,37), (26,32), (30,29), (31,29), (22,43), (20,37), (43,45), (21,19), (47,20), (46,52), (52,13), (26,55), (13,12), (10,58), (25,5), (62,57), (0,4), (59,0)
24 points 2284,25 (37,36), (39,38), (40,33), (40,37), (37,39), (33,37), (31,32), (35,29), (36,29), (27,43), (25,37), (48,45), (26,19), (52,20), (51,52), (57,13), (31,55), (18,12), (15,58), (30,5), (67,57), (5,4), (64,0), (0,71)
25 points 2284,25 (37,36), (39,38), (40,33), (40,37), (37,39), (33,37), (31,32), (35,29), (36,29), (27,43), (25,37), (48,45), (26,19), (52,20), (51,52), (57,13), (31,55), (18,12), (15,58), (30,5), (67,57), (5,4), (64,0), (0,71), (74,16)
26 points 2302,69447334009 (42,37), (44,39), (45,34), (45,38), (42,40), (38,38), (36,33), (40,30), (41,30), (32,44), (30,38), (53,46), (31,20), (57,21), (56,53), (62,14), (36,56), (23,13), (20,59), (35,6), (72,58), (10,5), (69,1), (5,72), (79,17), (0,0)
-----------------------------------------------------------------------------------------------------


(8,8), (8,7), (9,9), (6,10), (12,9), (3,4), (10,14), (12,1), (14,1), (1,15)

(8,8), (8,7), (9,9), (6,10), (12,9), (11,14), (3,1), (12,1), (1,7), (1,1)

(8,8), (8,7), (9,9), (6,10), (12,12), (14,12), (2,1), (5,1), (9,1), (1,12)

(8,8), (8,7), (9,9), (6,5), (12,9), (9,2), (15,14), (12,15), (3,15), (1,9)

(8,8), (8,7), (9,9), (10,5), (13,11), (6,2), (9,2), (9,15), (1,15), (1,13)

(8,8), (8,7), (9,9), (10,5), (5,13), (10,2), (14,8), (2,2), (1,13), (1,11)

(8,8), (8,7), (9,9), (11,5), (5,3), (9,3), (13,14), (11,14), (1,15), (1,7)

(8,8), (8,7), (9,9), (5,11), (12,8), (3,9), (3,1), (12,1), (15,6), (1,1)

(8,8), (8,7), (9,9), (5,11), (4,8), (2,6), (4,1), (13,1), (15,1), (15,9)

(8,8), (8,7), (7,6), (11,5), (3,10), (14,13), (2,7), (11,1), (10,15), (8,15)

(8,8), (8,7), (7,6), (11,4), (12,7), (4,12), (14,13), (12,15), (1,10), (1,7)

(8,8), (8,7), (10,6), (11,7), (7,3), (10,13), (3,3), (6,15), (1,15), (1,3)

(8,8), (8,7), (10,6), (5,5), (4,11), (10,2), (14,14), (15,11), (13,15), (10,15)

(8,8), (8,7), (10,6), (5,4), (5,2), (8,14), (4,14), (2,2), (3,15), (1,6)

(8,8), (8,7), (6,5), (12,7), (4,12), (13,6), (2,12), (14,15), (8,15), (5,15)

(8,8), (9,7), (7,10), (12,10), (12,12), (5,2), (8,2), (11,1), (15,1), (15,2)

(8,8), (9,7), (8,5), (12,8), (12,9), (3,9), (3,3), (6,15), (4,15), (1,5)

(8,8), (9,7), (9,5), (12,9), (12,12), (12,13), (3,9), (2,15), (1,13), (1,7)

(8,8), (10,6), (11,11), (5,13), (3,13), (5,2), (8,2), (9,2), (2,12), (1,10)
-----------------------------------------------------------------------------------------------------
(13,13), (14,9), (17,9), (17,11), (10,17), (18,9), (19,16), (18,19), (12,19), (13,20)
11 points 76,0194830246913 (13,13), (14,9), (17,9), (17,11), (10,17), (18,9), (19,16), (18,19), (12,19), (13,20), (27,19)
12 points 123,25 (13,13), (14,9), (17,9), (17,11), (10,17), (18,9), (19,16), (18,19), (12,19), (13,20), (27,19), (27,27)
13 points 242,5 (13,13), (14,9), (17,9), (17,11), (10,17), (18,9), (19,16), (18,19), (12,19), (13,20), (27,19), (27,27), (4,6)
14 points 256,925936942296 (13,13), (14,9), (17,9), (17,11), (10,17), (18,9), (19,16), (18,19), (12,19), (13,20), (27,19), (27,27), (4,6), (1,30)
15 points 481 (13,13), (14,9), (17,9), (17,11), (10,17), (18,9), (19,16), (18,19), (12,19), (13,20), (27,19), (27,27), (4,6), (1,30), (33,0)
16 points 481 (16,13), (17,9), (20,9), (20,11), (13,17), (21,9), (22,16), (21,19), (15,19), (16,20), (30,19), (30,27), (7,6), (4,30), (36,0), (0,16)
17 points 527,2241 (18,18), (19,14), (22,14), (22,16), (15,22), (23,14), (24,21), (23,24), (17,24), (18,25), (32,24), (32,32), (9,11), (6,35), (38,5), (2,21), (0,0)
18 points 864,25 (18,18), (19,14), (22,14), (22,16), (15,22), (23,14), (24,21), (23,24), (17,24), (18,25), (32,24), (32,32), (9,11), (6,35), (38,5), (2,21), (0,0), (44,39)
19 points 864,25 (18,18), (19,14), (22,14), (22,16), (15,22), (23,14), (24,21), (23,24), (17,24), (18,25), (32,24), (32,32), (9,11), (6,35), (38,5), (2,21), (0,0), (44,39), (28,47)
20 points 906,848750939185 (24,18), (25,14), (28,14), (28,16), (21,22), (29,14), (30,21), (29,24), (23,24), (24,25), (38,24), (38,32), (15,11), (12,35), (44,5), (8,21), (6,0), (50,39), (34,47), (0,43)
21 points 1138,49 (24,24), (25,20), (28,20), (28,22), (21,28), (29,20), (30,27), (29,30), (23,30), (24,31), (38,30), (38,38), (15,17), (12,41), (44,11), (8,27), (6,6), (50,45), (34,53), (0,49), (0,0)
22 points 1460 (24,27), (25,23), (28,23), (28,25), (21,31), (29,23), (30,30), (29,33), (23,33), (24,34), (38,33), (38,41), (15,20), (12,44), (44,14), (8,30), (6,9), (50,48), (34,56), (0,52), (0,3), (56,0)
23 points 1460 (24,27), (25,23), (28,23), (28,25), (21,31), (29,23), (30,30), (29,33), (23,33), (24,34), (38,33), (38,41), (15,20), (12,44), (44,14), (8,30), (6,9), (50,48), (34,56), (0,52), (0,3), (56,0), (60,12)
24 points 1780,25 (24,27), (25,23), (28,23), (28,25), (21,31), (29,23), (30,30), (29,33), (23,33), (24,34), (38,33), (38,41), (15,20), (12,44), (44,14), (8,30), (6,9), (50,48), (34,56), (0,52), (0,3), (56,0), (60,12), (64,58)
25 points 2596,5 (35,38), (36,34), (39,34), (39,36), (32,42), (40,34), (41,41), (40,44), (34,44), (35,45), (49,44), (49,52), (26,31), (23,55), (55,25), (19,41), (17,20), (61,59), (45,67), (11,63), (11,14), (67,11), (71,23), (75,69), (0,0)
26 points 3240,25 (35,38), (36,34), (39,34), (39,36), (32,42), (40,34), (41,41), (40,44), (34,44), (35,45), (49,44), (49,52), (26,31), (23,55), (55,25), (19,41), (17,20), (61,59), (45,67), (11,63), (11,14), (67,11), (71,23), (75,69), (0,0), (80,81)
-----------------------------------------------------------------------------------------------------

(8,8), (8,7), (7,6), (5,12), (9,3), (3,2), (11,1), (15,15), (13,15), (6,15), (2,15)

(8,8), (8,7), (10,6), (11,5), (3,2), (12,2), (14,10), (14,14), (8,1), (3,15), (1,15)

(8,8), (8,7), (10,6), (12,12), (7,2), (11,2), (8,1), (15,15), (4,15), (2,15), (1,6)

(8,8), (8,7), (6,5), (8,4), (11,3), (2,13), (2,4), (15,12), (8,15), (6,15), (1,14)

(8,8), (8,7), (10,5), (8,4), (5,3), (14,4), (14,13), (15,14), (10,15), (8,15), (1,12)

(8,8), (8,7), (13,4), (3,8), (14,13), (2,11), (2,7), (10,1), (13,15), (11,15), (4,15)

(8,8), (9,7), (8,5), (13,6), (4,13), (4,2), (2,2), (10,15), (2,15), (1,15), (1,5)

(8,8), (8,6), (12,10), (14,2), (13,14), (2,6), (2,5), (15,5), (15,13), (12,15), (8,15)

(8,8), (8,6), (4,10), (14,5), (14,6), (3,14), (2,2), (8,15), (4,15), (1,13), (1,5)

(8,8), (9,6), (12,3), (13,6), (14,5), (2,13), (2,7), (2,2), (8,15), (6,15), (5,15)

(8,8), (10,7), (10,3), (13,4), (11,2), (14,14), (9,14), (3,14), (1,11), (1,10), (1,8)

-----------------------------------------------------------------------------------------------------
-----------------------------------------------------------------------------------------------------
-----------------------------------------------------------------------------------------------------
-----------------------------------------------------------------------------------------------------
-----------------------------------------------------------------------------------------------------
-----------------------------------------------------------------------------------------------------
-----------------------------------------------------------------------------------------------------
-----------------------------------------------------------------------------------------------------
-----------------------------------------------------------------------------------------------------
-----------------------------------------------------------------------------------------------------
(20,44), (15,18), (10,64), (63,61), (52,18), (50,57), (55,14), (44,39), (36,41), (29,45), (41,46), (40,47), (38,48)
(20,44), (38,48), (10,64), (63,61), (52,18), (50,57), (55,14), (44,39), (36,41), (29,45), (41,46), (40,47)
(0,0), (0,6), (0,7), (1,2), (4,10), (7,8), (7,10), (9,2), (9,6), (10,5)
(13,13), (14,9), (17,9), (17,11), (10,17), (18,9), (19,16), (18,19), (12,19), (13,20)




########################################################
4 points 2,5  (0,0), (0,1), (1,2), (3,0)
5 points 5  (0,2), (0,3), (1,4), (3,2), (3,0)
6 points 11,3888888888888  (1,0), (1,1), (3,0), (4,3), (5,2), (0,6)
7 points 16,3842975206611  (11,11), (12,11), (9,11), (14,9), (8,8), (13,7), (8,4)
8 points 26,6649323621227  (1,0), (1,1), (3,0), (4,3), (5,2), (0,6), (0,9), (7,8)
9 points 27,8125  (7,7), (8,7), (13,8), (14,9), (11,10), (15,11), (7,14), (11,16), (7,16)
10 points 58  (0,0), (0,1), (1,6), (2,7), (3,4), (4,8), (7,0), (9,0), (9,4), (14,6)
11 points 68  (13,8), (13,7), (15,6), (16,7), (12,3), (15,13), (8,3), (11,15), (6,15), (6,3), (0,11)
12 points 75,668503090567  (14,16), (14,15), (14,13), (14,7), (1,9), (9,17), (4,5), (2,6), (2,13), (12,9), (3,12), (11,0)
13 points 98,8126363816703  (0,0), (1,0), (3,0), (7,0), (12,0), (11,1), (9,5), (15,7), (14,9), (1,13), (3,15), (13,15), (10,17)
14 points 136,230124769154  (7,0), (8,0), (10,0), (14,0), (19,0), (18,1), (16,5), (22,7), (21,9), (8,13), (10,15), (20,15), (17,17), (0,13)
15 points 167,315372211771  (0,0), (1,0), (3,0), (7,0), (12,0), (10,1), (15,2), (19,10), (18,11), (11,13), (7,14), (1,16), (16,16), (3,18), (9,24)
16 points 226,251132331376  (21,14), (21,13), (21,11), (21,7), (6,15), (7,5), (7,14), (13,2), (10,13), (17,3), (9,11), (12,8), (29,13), (16,29), (18,31), (0,21)
17 points 277,042809311224  (13,0), (14,0), (16,0), (20,0), (21,3), (27,5), (23,6), (28,12), (27,14), (19,15), (14,16), (25,16), (24,17), (2,9), (0,16), (4,26), (22,32)
18 points 328,853878116343  (13,24), (15,24), (15,25), (13,21), (10,27), (9,24), (8,25), (6,17), (20,16), (21,34), (24,25), (24,15), (30,13), (36,18), (13,3), (40,14), (27,0), (38,29)
19 points 400,03698224852  (3,26), (3,27), (5,26), (6,29), (7,28), (8,22), (11,28), (8,19), (16,26), (8,13), (20,22), (20,15), (0,10), (7,3), (12,0), (29,8), (30,28), (39,13), (35,3)
20 points 475,006776147959  (24,0), (25,0), (27,0), (31,0), (36,0), (32,1), (40,4), (34,5), (42,11), (34,13), (43,14), (25,16), (40,17), (37,19), (16,23), (25,31), (27,33), (7,3), (2,19), (0,20)
21 points 550,058893028687  (1,23), (1,24), (1,26), (1,30), (1,35), (15,42), (21,39), (21,24), (5,22), (2,37), (14,41), (20,34), (5,40), (18,32), (7,34), (12,9), (13,6), (26,9), (18,0), (44,26), (37,6)
22 points 594,950376828497  (1,23), (1,24), (1,26), (1,30), (1,35), (15,42), (21,39), (21,24), (5,22), (2,37), (14,41), (20,34), (5,40), (18,32), (7,34), (12,9), (13,6), (26,9), (18,0), (44,26), (37,6), (47,24)
23 points 722,226930836366  (36,6), (37,6), (39,6), (43,6), (48,6), (46,7), (46,15), (50,16), (44,18), (37,20), (52,20), (39,22), (45,23), (47,28), (33,0), (20,16), (24,31), (16,24), (28,41), (39,46), (3,21), (9,42), (0,18)
24 points 830,6149  (14,0), (15,0), (17,0), (22,0), (29,2), (23,4), (27,4), (14,10), (28,10), (17,11), (26,11), (22,13), (6,17), (19,28), (20,29), (0,17), (14,35), (42,16), (27,44), (46,30), (49,28), (20,51), (19,56), (4,52)
25 points 941,025094868518  (14,0), (15,0), (17,0), (22,0), (29,2), (23,4), (27,4), (14,10), (28,10), (17,11), (26,11), (22,13), (6,17), (19,28), (20,29), (0,17), (14,35), (42,16), (27,44), (46,30), (49,28), (20,51), (19,56), (4,52), (49,47)
26 points 1066,25  (1,23), (1,24), (1,26), (1,30), (1,35), (15,42), (21,39), (21,24), (5,22), (2,37), (14,41), (20,34), (5,40), (18,32), (7,34), (12,9), (13,6), (26,9), (18,0), (44,26), (37,6), (47,24), (56,33), (58,12), (42,59), (65,22)
27 points 1192,86703601108  (48,9), (49,9), (51,9), (55,9), (56,12), (62,14), (58,15), (63,21), (62,23), (54,24), (49,25), (60,25), (59,26), (37,18), (35,25), (39,35), (57,41), (44,44), (48,50), (18,30), (43,58), (25,55), (27,0), (8,43), (5,13), (0,41), (5,53)


5 points 6,25 (11,9), (11,8), (9,10), (8,9), (9,5)
6 points 12,25 (11,9), (11,8), (9,10), (8,9), (9,5), (9,3)
7 points 22,1 (11,9), (11,8), (9,10), (8,9), (9,5), (9,3), (3,10)
8 points 34,1872296106393 (11,9), (11,8), (9,10), (8,9), (9,5), (9,3), (3,10), (4,0)
9 points 50,5 (11,9), (11,8), (9,10), (8,9), (9,5), (9,3), (3,10), (4,0), (0,0)
10 points 60,2572756913416 (15,9), (15,8), (13,10), (12,9), (13,5), (13,3), (7,10), (8,0), (4,0), (0,5)
11 points 88,3771933416596 (15,15), (15,14), (13,16), (12,15), (13,11), (13,9), (7,16), (8,6), (4,6), (0,11), (14,0)
12 points 99,0610537557849 (15,15), (15,14), (13,16), (12,15), (13,11), (13,9), (7,16), (8,6), (4,6), (0,11), (14,0), (0,2)
13 points 145 (18,16), (18,15), (16,17), (15,16), (16,12), (16,10), (10,17), (11,7), (7,7), (3,12), (17,1), (3,3), (0,0)
14 points 197,047927028387 (18,23), (18,22), (16,24), (15,23), (16,19), (16,17), (10,24), (11,14), (7,14), (3,19), (17,8), (3,10), (0,7), (23,0)
15 points 256,1288 (18,23), (18,22), (16,24), (15,23), (16,19), (16,17), (10,24), (11,14), (7,14), (3,19), (17,8), (3,10), (0,7), (23,0), (30,2)
16 points 273,295119483959 (18,30), (18,29), (16,31), (15,30), (16,26), (16,24), (10,31), (11,21), (7,21), (3,26), (17,15), (3,17), (0,14), (23,7), (30,9), (8,0)
17 points 303,565601838552 (18,30), (18,29), (16,31), (15,30), (16,26), (16,24), (10,31), (11,21), (7,21), (3,26), (17,15), (3,17), (0,14), (23,7), (30,9), (8,0), (27,1)
18 points 400,743801652892 (18,30), (18,29), (16,31), (15,30), (16,26), (16,24), (10,31), (11,21), (7,21), (3,26), (17,15), (3,17), (0,14), (23,7), (30,9), (8,0), (27,1), (36,28)
19 points 462,5 (18,30), (18,29), (16,31), (15,30), (16,26), (16,24), (10,31), (11,21), (7,21), (3,26), (17,15), (3,17), (0,14), (23,7), (30,9), (8,0), (27,1), (36,28), (38,1)
20 points 541,372670590899 (18,41), (18,40), (16,42), (15,41), (16,37), (16,35), (10,42), (11,32), (7,32), (3,37), (17,26), (3,28), (0,25), (23,18), (30,20), (8,11), (27,12), (36,39), (38,12), (29,0)
21 points 676,25 (18,41), (18,40), (16,42), (15,41), (16,37), (16,35), (10,42), (11,32), (7,32), (3,37), (17,26), (3,28), (0,25), (23,18), (30,20), (8,11), (27,12), (36,39), (38,12), (29,0), (52,26)
22 points 754,825769812839 (18,41), (18,40), (16,42), (15,41), (16,37), (16,35), (10,42), (11,32), (7,32), (3,37), (17,26), (3,28), (0,25), (23,18), (30,20), (8,11), (27,12), (36,39), (38,12), (29,0), (52,26), (50,43)
23 points 902,861942479661 (18,44), (18,43), (16,45), (15,44), (16,40), (16,38), (10,45), (11,35), (7,35), (3,40), (17,29), (3,31), (0,28), (23,21), (30,23), (8,14), (27,15), (36,42), (38,15), (29,3), (52,29), (50,46), (46,0)
24 points 1053,86992820558 (18,54), (18,53), (16,55), (15,54), (16,50), (16,48), (10,55), (11,45), (7,45), (3,50), (17,39), (3,41), (0,38), (23,31), (30,33), (8,24), (27,25), (36,52), (38,25), (29,13), (52,39), (50,56), (46,10), (39,0)
25 points 1143,25783455771 (18,54), (18,53), (16,55), (15,54), (16,50), (16,48), (10,55), (11,45), (7,45), (3,50), (17,39), (3,41), (0,38), (23,31), (30,33), (8,24), (27,25), (36,52), (38,25), (29,13), (52,39), (50,56), (46,10), (39,0), (56,8)
26 points 1334,10396179358 (18,54), (18,53), (16,55), (15,54), (16,50), (16,48), (10,55), (11,45), (7,45), (3,50), (17,39), (3,41), (0,38), (23,31), (30,33), (8,24), (27,25), (36,52), (38,25), (29,13), (52,39), (50,56), (46,10), (39,0), (56,8), (72,45)
27 points 1508,45369165822 (18,54), (18,53), (16,55), (15,54), (16,50), (16,48), (10,55), (11,45), (7,45), (3,50), (17,39), (3,41), (0,38), (23,31), (30,33), (8,24), (27,25), (36,52), (38,25), (29,13), (52,39), (50,56), (46,10), (39,0), (56,8), (72,45), (53,75)

####################
(9,0), (10,0), (12,0), (16,0), (21,0), (0,1), (23,3), (8,7), (0,9), (1,14), (22,14), (18,15), (4,17), (16,19), (10,20)
16 points 224,33566188332  (9,0), (10,0), (12,0), (16,0), (21,0), (0,1), (4,2), (22,3), (23,4), (6,9), (22,11), (0,14), (1,16), (4,18), (12,21), (9,26)
17 points 274,913840830449  (15,0), (16,0), (18,0), (22,0), (27,0), (6,1), (14,1), (9,2), (11,10), (31,12), (29,14), (14,17), (26,19), (22,21), (16,22), (0,16), (8,27)
18 points 354,25  (15,0), (16,0), (18,0), (22,0), (27,0), (6,1), (29,1), (23,4), (31,6), (29,9), (9,10), (11,14), (8,15), (27,16), (26,17), (24,28), (7,30), (0,25)
19 points 393,741219863582  (13,0), (14,0), (16,0), (20,0), (25,0), (4,1), (12,1), (7,2), (27,3), (9,10), (6,13), (29,13), (10,17), (4,18), (22,21), (11,32), (0,27), (25,33), (31,30)
20 points 503,04729327781  (15,0), (16,0), (18,0), (22,0), (27,0), (6,1), (29,1), (23,4), (31,6), (29,9), (9,10), (11,14), (8,15), (27,16), (26,17), (24,28), (7,30), (0,25), (6,36), (12,42)
21 points 562,046160937098  (12,0), (13,0), (15,0), (19,0), (24,0), (3,1), (5,2), (25,4), (9,7), (21,13), (20,14), (5,18), (12,19), (9,20), (15,21), (35,13), (0,31), (37,28), (21,42), (32,37), (10,45)
22 points 666,25  (12,0), (13,0), (15,0), (19,0), (24,0), (3,1), (5,2), (25,4), (9,7), (21,13), (20,14), (5,18), (12,19), (9,20), (15,21), (35,13), (0,31), (37,28), (21,42), (32,37), (10,45), (5,48)
23 points 762,25  (9,16), (10,16), (12,16), (16,16), (21,16), (0,17), (8,17), (3,18), (6,21), (24,22), (0,30), (5,35), (20,36), (3,37), (12,40), (28,38), (23,46), (37,26), (40,34), (44,9), (37,0), (51,19), (48,5)
24 points 880,862190082644  (36,2), (37,2), (39,2), (43,2), (48,2), (27,3), (35,3), (50,4), (32,10), (46,14), (51,15), (30,18), (35,20), (43,23), (37,24), (23,25), (13,11), (10,0), (4,6), (0,18), (4,29), (14,42), (27,48), (23,53)
25 points 1001,99732822297  (29,0), (30,0), (32,0), (36,0), (41,0), (20,1), (28,1), (23,2), (43,3), (26,5), (44,10), (20,20), (26,21), (36,23), (22,25), (50,18), (46,29), (19,34), (54,27), (41,45), (7,42), (0,35), (16,51), (37,58), (48,57)
26 points 1073,25063020214  (29,0), (30,0), (32,0), (36,0), (41,0), (20,1), (28,1), (23,2), (43,3), (40,6), (25,10), (44,10), (20,18), (39,21), (37,23), (29,30), (43,29), (26,36), (15,37), (0,25), (7,40), (43,49), (48,51), (59,34), (61,46), (23,63)
27 points 1280,5498821684  (29,0), (30,0), (32,0), (36,0), (41,0), (20,1), (28,1), (23,2), (43,3), (26,5), (44,10), (20,20), (26,21), (36,23), (22,25), (50,18), (46,29), (19,34), (54,27), (41,45), (7,42), (0,35), (16,51), (37,58), (48,57), (28,68), (71,27)
-----------------------

&"warning: 233,778305332359  (5,0), (6,0), (8,0), (12,0), (17,0), (25,0), (0,1), (1,2), (14,3), (16,4), (2,13), (24,14), (1,16), (22,20), (17,24)

&"warning: 232,47085136525  (5,0), (6,0), (8,0), (12,0), (17,0), (25,0), (1,1), (0,2), (14,3), (23,4), (24,6), (12,10), (25,14), (2,20), (17,21)

&"warning: 216,625434027777  (5,0), (6,0), (8,0), (12,0), (17,0), (25,0), (1,1), (3,2), (18,3), (19,4), (0,10), (23,12), (25,18), (4,20), (16,21)

&"warning: 215,52522277271  (5,0), (6,0), (8,0), (12,0), (17,0), (25,0), (1,1), (14,2), (20,3), (0,4), (2,9), (25,10), (12,15), (23,20), (19,22)

&"warning: 214,052150422758  (5,0), (6,0), (8,0), (12,0), (17,0), (25,0), (2,1), (14,2), (24,2), (22,6), (13,7), (1,15), (25,18), (17,23), (16,24)

&"warning: 213,663324235591  (5,0), (6,0), (8,0), (12,0), (17,0), (25,0), (3,1), (18,1), (22,2), (0,6), (13,8), (2,18), (25,18), (5,21), (12,24)

&"warning: 203,777916223552  (5,0), (6,0), (8,0), (12,0), (17,0), (25,0), (16,1), (3,2), (20,3), (24,7), (1,8), (6,15), (3,16), (23,21), (12,24)

&"warning: 196,102899672993  (5,0), (6,0), (8,0), (12,0), (17,0), (25,0), (18,1), (2,2), (0,4), (14,5), (24,8), (3,13), (8,14), (23,17), (22,19)

&"warning: 172,015532544378  (5,0), (6,0), (8,0), (12,0), (17,0), (25,0), (18,1), (3,2), (22,3), (2,6), (1,8), (25,10), (8,15), (17,18), (20,19)

&"warning: 170,48185941043  (5,0), (6,0), (8,0), (12,0), (17,0), (25,0), (22,1), (4,2), (3,3), (16,4), (24,7), (17,10), (22,16), (8,18), (18,21)

&"warning: 170  (5,0), (6,0), (8,0), (12,0), (17,0), (1,1), (4,2), (23,2), (24,3), (14,5), (0,7), (20,13), (2,14), (23,15), (12,21)

&"warning: 169,355145814913  (5,0), (6,0), (8,0), (12,0), (17,0), (1,1), (14,2), (20,3), (19,5), (2,9), (24,9), (16,15), (20,17), (4,20), (14,22)

&"warning: 167,914201817558  (5,0), (6,0), (8,0), (12,0), (17,0), (2,1), (16,2), (0,3), (15,3), (22,4), (21,9), (0,13), (2,18), (17,21), (8,23)

&"warning: 166,81640625  (5,0), (6,0), (8,0), (12,0), (17,0), (4,1), (19,2), (14,3), (20,5), (0,7), (22,9), (23,15), (6,16), (17,20), (8,24)

&"warning: 160,210718002081  (5,0), (6,0), (8,0), (12,0), (17,0), (4,1), (20,2), (0,5), (14,6), (21,8), (23,10), (24,13), (2,14), (17,21), (12,22)

&"warning: 159,12  (5,0), (6,0), (8,0), (12,0), (17,0), (14,2), (22,2), (0,3), (13,5), (23,8), (24,9), (5,13), (1,15), (19,18), (12,21)

&"warning: 157  (5,0), (6,0), (8,0), (12,0), (17,0), (19,2), (15,3), (1,4), (20,5), (0,6), (21,6), (16,13), (21,14), (5,22), (12,23)

&"warning: 149,547790642722  (5,0), (6,0), (8,0), (12,0), (21,0), (22,1), (3,2), (11,3), (12,5), (20,7), (24,8), (2,11), (23,14), (8,17), (16,21)

&"warning: 147,383569878802  (5,0), (6,0), (8,0), (12,0), (0,1), (2,3), (16,4), (14,5), (17,7), (0,10), (13,16), (0,18), (14,20), (6,22), (5,23)

&"warning: 144,834039756616  (5,0), (6,0), (8,0), (12,0), (4,1), (19,1), (0,3), (20,4), (14,5), (13,10), (22,11), (0,12), (6,18), (8,21), (13,21)

&"warning: 143,376033057851  (5,0), (6,0), (8,0), (12,0), (18,2), (21,4), (22,5), (17,6), (15,7), (0,8), (5,13), (22,13), (3,18), (6,21), (15,21)

&"warning: 139,69  (5,0), (6,0), (8,0), (13,0), (15,3), (4,4), (22,5), (16,6), (20,6), (1,7), (10,8), (3,18), (20,18), (15,19), (5,20)


